Date	Value
20050101	5.3
20050102	6.5
20050103	8
20050104	7.9
20050105	8.5
20050106	NA
20050107	NA
20050108	NA
20050109	1.4
20050110	1.2
20050111	5.2
20050112	6.2
20050113	3
20050114	3.6
20050115	NA
20050116	1.6
20050117	1.3
20050118	8.5
20050119	9.9
20050120	6.7
20050121	4.8
20050122	8.9
20050123	6.7
20050124	2.2
20050125	1.7
20050126	5.5
20050127	2.8
20050128	4.1
20050129	7.1
20050130	6.9
20050131	5
20050201	7.6
20050202	5.9
20050203	2.7
20050204	1.2
20050205	NA
20050206	0.3
20050207	0.6
20050208	0.8
20050209	1.8
20050210	0.1
20050211	0
20050212	0.2
20050213	4.1
20050214	6.8
20050215	8.2
20050216	5.7
20050217	7.1
20050218	7.9
20050219	3.9
20050220	4
20050221	7.2
20050222	7.2
20050223	5.4
20050224	4.5
20050225	2.3
20050226	2.4
20050227	3
20050228	6.7
20050301	5.2
20050302	6.1
20050303	1.5
20050304	2.5
20050305	2.1
20050306	3.8
20050307	5.3
20050308	0.6
20050309	7.7
20050310	1.9
20050311	8.4
20050312	2
20050313	5
20050314	7.5
20050315	7.8
20050316	6.8
20050317	3.5
20050318	6.2
20050319	1.4
20050320	3.6
20050321	5.5
20050322	4.4
20050323	3.6
20050324	2.1
20050325	6.1
20050326	5.6
20050327	7.7
20050328	6.3
20050329	5.6
20050330	1.7
20050331	4.8
20050401	6.5
20050402	4.8
20050403	5
20050404	NA
20050405	2.8
20050406	2.6
20050407	6
20050408	6.9
20050409	2.7
20050410	4.7
20050411	1.6
20050412	6.9
20050413	5.3
20050414	0.7
20050415	2.9
20050416	NA
20050417	1.4
20050418	1
20050419	2.4
20050420	0.4
20050421	2.6
20050422	4.6
20050423	7.1
20050424	9.6
20050425	7.9
20050426	7
20050427	2.5
20050428	4.3
20050429	1.5
20050430	4.4
20050501	5.2
20050502	2.3
20050503	NA
20050504	10.5
20050505	5.8
20050506	2.4
20050507	6.3
20050508	5.7
20050509	4.5
20050510	4
20050511	1.9
20050512	1
20050513	4.1
20050514	0
20050515	1.8
20050516	7.9
20050517	7.6
20050518	NA
20050519	0.3
20050520	8.4
20050521	5.6
20050522	3.6
20050523	1
20050524	8.7
20050525	3.1
20050526	2.9
20050527	5.2
20050528	4
20050529	6.6
20050530	2.5
20050531	5.7
20050601	3.1
20050602	0
20050603	4.4
20050604	3.3
20050605	0.9
20050606	1.5
20050607	6.4
20050608	1.9
20050609	6
20050610	0.1
20050611	3.6
20050612	5.8
20050613	3.8
20050614	4.4
20050615	5.1
20050616	3.5
20050617	3.8
20050618	3.6
20050619	0.2
20050620	4
20050621	2.5
20050622	3.9
20050623	3.1
20050624	3.2
20050625	1.6
20050626	3.5
20050627	3.9
20050628	2.9
20050629	1
20050630	2.8
20050701	0.6
20050702	5.8
20050703	4.1
20050704	4.4
20050705	6.8
20050706	6.2
20050707	6.9
20050708	6.6
20050709	4.5
20050710	3.7
20050711	6.9
20050712	4.8
20050713	1.4
20050714	5.4
20050715	3.7
20050716	4.9
20050717	5.5
20050718	5.7
20050719	1.6
20050720	4.7
20050721	7.7
20050722	7.2
20050723	8.1
20050724	NA
20050725	10
20050726	NA
20050727	4.9
20050728	3.4
20050729	9.1
20050730	4.9
20050731	5.5
20050801	0.2
20050802	4.9
20050803	7
20050804	4.5
20050805	0.2
20050806	4.4
20050807	7
20050808	7.5
20050809	3.6
20050810	6.9
20050811	1.8
20050812	5.6
20050813	0.5
20050814	4.7
20050815	4.8
20050816	0.7
20050817	0.5
20050818	6
20050819	7
20050820	6.8
20050821	1.6
20050822	8.6
20050823	NA
20050824	1.2
20050825	4.5
20050826	2.5
20050827	6.6
20050828	3.1
20050829	7
20050830	5.1
20050831	6.2
20050901	6.2
20050902	2.5
20050903	5.3
20050904	7.1
20050905	3.5
20050906	2.9
20050907	7.9
20050908	4.3
20050909	0.7
20050910	6.8
20050911	8.2
20050912	5
20050913	6.5
20050914	7.1
20050915	5.9
20050916	2.7
20050917	7.9
20050918	NA
20050919	NA
20050920	0.5
20050921	NA
20050922	6
20050923	4.3
20050924	6
20050925	4.4
20050926	8.1
20050927	6.2
20050928	3.1
20050929	7.6
20050930	6.7
20051001	1.1
20051002	7.5
20051003	8.6
20051004	4.8
20051005	7.9
20051006	6.6
20051007	2
20051008	2.8
20051009	6.9
20051010	NA
20051011	9.8
20051012	0.7
20051013	6.4
20051014	6.2
20051015	4.8
20051016	5.5
20051017	5.4
20051018	3.3
20051019	8.2
20051020	0
20051021	9.8
20051022	2.4
20051023	5.8
20051024	4.5
20051025	NA
20051026	5.3
20051027	6.2
20051028	4
20051029	5.6
20051030	5.7
20051031	5.9
20051101	2
20051102	6.9
20051103	4.8
20051104	4.8
20051105	9.5
20051106	3.1
20051107	7.4
20051108	3.7
20051109	1.5
20051110	5.4
20051111	0.1
20051112	4.9
20051113	7.3
20051114	7.2
20051115	7.3
20051116	7.8
20051117	5.2
20051118	2.7
20051119	4.2
20051120	10.2
20051121	7.6
20051122	3.1
20051123	2.6
20051124	4.6
20051125	4.7
20051126	8.9
20051127	8.1
20051128	9.1
20051129	9
20051130	5.6
20051201	3
20051202	NA
20051203	6.7
20051204	7.1
20051205	6.2
20051206	6.5
20051207	5.7
20051208	5.5
20051209	5.8
20051210	1.5
20051211	3.9
20051212	2.3
20051213	2.7
20051214	5.4
20051215	7.9
20051216	6.8
20051217	NA
20051218	6.1
20051219	5.2
20051220	5
20051221	0.5
20051222	5.9
20051223	2.7
20051224	3.8
20051225	3.9
20051226	7.1
20051227	4.1
20051228	7.9
20051229	6.6
20051230	7.3
20051231	7.3
20060101	7.5
20060102	7.1
20060103	7
20060104	3.5
20060105	NA
20060106	6.8
20060107	4.2
20060108	6.9
20060109	5.3
20060110	5.5
20060111	7.5
20060112	7.9
20060113	7.3
20060114	2.6
20060115	7.1
20060116	7.8
20060117	4.1
20060118	NA
20060119	8.6
20060120	10.7
20060121	7.5
20060122	2
20060123	4
20060124	4.4
20060125	4
20060126	5.5
20060127	2.9
20060128	6
20060129	1.3
20060130	8
20060131	4.1
20060201	0
20060202	1.2
20060203	1
20060204	1.9
20060205	4.6
20060206	5.6
20060207	7
20060208	3.6
20060209	6.2
20060210	3.7
20060211	2.7
20060212	0.8
20060213	3.3
20060214	6
20060215	9.6
20060216	9
20060217	8.5
20060218	8.1
20060219	5.8
20060220	7.4
20060221	8
20060222	9.3
20060223	9.1
20060224	8.3
20060225	6.5
20060226	3.1
20060227	0
20060228	4
20060301	4.8
20060302	7.9
20060303	3.6
20060304	NA
20060305	4.5
20060306	1.1
20060307	0
20060308	2.6
20060309	4.4
20060310	8.5
20060311	6.2
20060312	6.2
20060313	6.3
20060314	8
20060315	6.9
20060316	5.5
20060317	3.8
20060318	3.3
20060319	2.1
20060320	5.8
20060321	4.7
20060322	1.5
20060323	NA
20060324	5.8
20060325	1
20060326	2.4
20060327	2.7
20060328	3.3
20060329	2.4
20060330	1
20060331	3.3
20060401	4.2
20060402	1.3
20060403	1.3
20060404	1.3
20060405	3.2
20060406	5
20060407	3.5
20060408	1
20060409	0
20060410	5.4
20060411	6.1
20060412	0
20060413	4
20060414	6.8
20060415	3.1
20060416	6.6
20060417	2.5
20060418	2.9
20060419	8
20060420	NA
20060421	8.2
20060422	4.4
20060423	0
20060424	1
20060425	4.2
20060426	NA
20060427	6.8
20060428	4.3
20060429	5.3
20060430	0.8
20060501	6.7
20060502	0.8
20060503	2.6
20060504	2.4
20060505	4.4
20060506	3.1
20060507	5.1
20060508	2.6
20060509	0
20060510	0.3
20060511	4.5
20060512	4.7
20060513	1.4
20060514	4.6
20060515	1.8
20060516	0.5
20060517	3.7
20060518	6.9
20060519	8.6
20060520	NA
20060521	5.6
20060522	8.7
20060523	4.7
20060524	3.5
20060525	6.4
20060526	NA
20060527	NA
20060528	2.2
20060529	2.9
20060530	6.5
20060531	0.8
20060601	NA
20060602	5
20060603	2.2
20060604	0.3
20060605	5.6
20060606	0
20060607	2.7
20060608	2.9
20060609	NA
20060610	2.5
20060611	3
20060612	6.2
20060613	6.1
20060614	4.4
20060615	4.5
20060616	5.2
20060617	2.7
20060618	4.6
20060619	0
20060620	4.3
20060621	0.2
20060622	4.5
20060623	0
20060624	0
20060625	6.1
20060626	3.8
20060627	5.1
20060628	5.3
20060629	5.1
20060630	NA
20060701	7
20060702	4.8
20060703	4.7
20060704	0.4
20060705	3.3
20060706	6
20060707	1.1
20060708	4.4
20060709	4.2
20060710	5.9
20060711	7.3
20060712	5.2
20060713	2.8
20060714	3
20060715	2.7
20060716	3.1
20060717	3.4
20060718	7.2
20060719	3.7
20060720	5.7
20060721	NA
20060722	4.5
20060723	8.5
20060724	NA
20060725	7.4
20060726	3.7
20060727	4.6
20060728	5.6
20060729	6.2
20060730	4.4
20060731	7.5
20060801	6.2
20060802	6
20060803	7.3
20060804	5.1
20060805	7
20060806	7.2
20060807	3
20060808	7.5
20060809	3.4
20060810	2.8
20060811	7.5
20060812	NA
20060813	8.9
20060814	7.3
20060815	3
20060816	2.8
20060817	0
20060818	0.1
20060819	4.9
20060820	6.7
20060821	NA
20060822	8.3
20060823	6.6
20060824	3.9
20060825	4.2
20060826	2.9
20060827	2.6
20060828	8.2
20060829	NA
20060830	1.6
20060831	NA
20060901	2.1
20060902	7.6
20060903	4.3
20060904	0.3
20060905	4.8
20060906	3.8
20060907	4.5
20060908	7.1
20060909	5
20060910	9.6
20060911	4.3
20060912	4.7
20060913	3.1
20060914	1
20060915	6.5
20060916	3.4
20060917	4.5
20060918	3.4
20060919	0
20060920	6.8
20060921	6.2
20060922	2.8
20060923	7.1
20060924	1.5
20060925	6.4
20060926	9.4
20060927	6.6
20060928	6
20060929	NA
20060930	1.2
20061001	6.9
20061002	6.4
20061003	6.4
20061004	NA
20061005	7.5
20061006	1.1
20061007	5.6
20061008	0
20061009	6
20061010	1.8
20061011	1
20061012	8
20061013	7.6
20061014	6.7
20061015	5.1
20061016	5.9
20061017	7.9
20061018	7.4
20061019	10.2
20061020	8
20061021	8.6
20061022	9.5
20061023	3.6
20061024	7.9
20061025	4.9
20061026	4.5
20061027	6.6
20061028	2.5
20061029	4.1
20061030	5.8
20061031	5.2
20061101	8.5
20061102	9.3
20061103	8.9
20061104	8.7
20061105	0
20061106	6.7
20061107	3.7
20061108	8
20061109	5.3
20061110	4.2
20061111	4.1
20061112	4
20061113	6.3
20061114	7
20061115	1.5
20061116	4.8
20061117	6
20061118	3
20061119	7.8
20061120	5.6
20061121	3.1
20061122	5.3
20061123	6
20061124	9.5
20061125	2.8
20061126	4.8
20061127	4.3
20061128	8.3
20061129	NA
20061130	7.4
20061201	4.4
20061202	5.9
20061203	7.1
20061204	7.1
20061205	4.3
20061206	7.2
20061207	5.2
20061208	5.2
20061209	6.4
20061210	NA
20061211	5.6
20061212	2.2
20061213	4.2
20061214	7.1
20061215	7.5
20061216	7.2
20061217	10.2
20061218	8.2
20061219	6.7
20061220	4.6
20061221	NA
20061222	6.7
20061223	5.1
20061224	0.4
20061225	3.9
20061226	2
20061227	1.2
20061228	9.9
20061229	NA
20061230	6.6
20061231	7.7
20070101	4.9
20070102	9.1
20070103	7.9
20070104	8
20070105	7.4
20070106	8.2
20070107	9.6
20070108	3.6
20070109	5.1
20070110	6.7
20070111	8.4
20070112	8.7
20070113	7.6
20070114	9.4
20070115	3.6
20070116	4.7
20070117	NA
20070118	6.8
20070119	9.2
20070120	4.6
20070121	2.5
20070122	2.4
20070123	4.5
20070124	3.6
20070125	4.7
20070126	0.9
20070127	5.6
20070128	1.2
20070129	4.1
20070130	3.3
20070131	4.5
20070201	6.7
20070202	3.6
20070203	7.8
20070204	8.7
20070205	8.2
20070206	6.7
20070207	8.6
20070208	NA
20070209	2.8
20070210	5.2
20070211	3.5
20070212	8.1
20070213	5.9
20070214	6.4
20070215	6.5
20070216	6.2
20070217	4.4
20070218	9.1
20070219	3
20070220	9
20070221	8.4
20070222	9.7
20070223	8.4
20070224	4.7
20070225	7
20070226	6.1
20070227	7.6
20070228	5.9
20070301	8
20070302	0.8
20070303	3.4
20070304	4.1
20070305	2.1
20070306	2.2
20070307	6.1
20070308	0.5
20070309	1.1
20070310	4.9
20070311	1.2
20070312	4.9
20070313	2.6
20070314	6.1
20070315	4.6
20070316	0
20070317	2
20070318	5.4
20070319	1.8
20070320	4.2
20070321	1.5
20070322	1.1
20070323	4.7
20070324	3.8
20070325	3.6
20070326	4.3
20070327	3.9
20070328	NA
20070329	5.2
20070330	2.8
20070331	3.5
20070401	3.6
20070402	1.2
20070403	2.5
20070404	5.5
20070405	2.8
20070406	7.6
20070407	3.9
20070408	3.6
20070409	3.8
20070410	6.5
20070411	6.4
20070412	3.8
20070413	4.5
20070414	4.3
20070415	3.7
20070416	2.7
20070417	3.1
20070418	1.2
20070419	5.3
20070420	2.1
20070421	6.4
20070422	7.9
20070423	7
20070424	1
20070425	1.4
20070426	6.6
20070427	4.7
20070428	4.7
20070429	2.3
20070430	4.9
20070501	2.6
20070502	5.2
20070503	5.2
20070504	1.2
20070505	5.4
20070506	2
20070507	2.8
20070508	4.6
20070509	3.9
20070510	0.2
20070511	2.9
20070512	1
20070513	0.5
20070514	7.4
20070515	1.6
20070516	0
20070517	3.5
20070518	5.1
20070519	7.6
20070520	4.3
20070521	2.7
20070522	3.9
20070523	4.9
20070524	5.1
20070525	5.6
20070526	2.1
20070527	9
20070528	4.5
20070529	0.5
20070530	5.3
20070531	3.5
20070601	2.9
20070602	3.4
20070603	2.7
20070604	4.2
20070605	4.3
20070606	6.5
20070607	7.3
20070608	6.2
20070609	3.4
20070610	3.7
20070611	2.7
20070612	5.5
20070613	9.2
20070614	3.9
20070615	0.9
20070616	9.3
20070617	6.9
20070618	7.7
20070619	4.3
20070620	7.7
20070621	7.3
20070622	4.8
20070623	5.8
20070624	5.5
20070625	6.8
20070626	0.1
20070627	NA
20070628	3.3
20070629	0.8
20070630	3.2
20070701	2.6
20070702	8.7
20070703	6.7
20070704	5.9
20070705	7.9
20070706	9.7
20070707	2.7
20070708	4.4
20070709	4.2
20070710	3.5
20070711	5.9
20070712	8.4
20070713	3.7
20070714	7.8
20070715	2.4
20070716	5.5
20070717	7.1
20070718	NA
20070719	9
20070720	3.5
20070721	3.3
20070722	3
20070723	5.7
20070724	4.6
20070725	7.4
20070726	7.3
20070727	3.7
20070728	6.9
20070729	8
20070730	8.4
20070731	3.9
20070801	4
20070802	6.5
20070803	7.3
20070804	3.6
20070805	1.8
20070806	4.3
20070807	7.8
20070808	4.4
20070809	2
20070810	2.1
20070811	0.2
20070812	4.9
20070813	1.2
20070814	5.1
20070815	3.7
20070816	8.7
20070817	0.3
20070818	5.5
20070819	7.6
20070820	1.6
20070821	3.2
20070822	6.8
20070823	9.3
20070824	0.6
20070825	0.4
20070826	1.8
20070827	8.3
20070828	7.8
20070829	NA
20070830	1.1
20070831	5.2
20070901	4.9
20070902	7.8
20070903	8.1
20070904	NA
20070905	5.4
20070906	7.5
20070907	6.3
20070908	8.4
20070909	6.6
20070910	NA
20070911	4.8
20070912	5.6
20070913	6.3
20070914	NA
20070915	1.2
20070916	4.4
20070917	5.5
20070918	5
20070919	1.6
20070920	8.5
20070921	3.7
20070922	NA
20070923	2
20070924	6.5
20070925	0.4
20070926	4.8
20070927	4.3
20070928	7.1
20070929	2.1
20070930	6.6
20071001	3.8
20071002	8.3
20071003	2.2
20071004	8.3
20071005	5.6
20071006	5.8
20071007	7.2
20071008	7.5
20071009	4.8
20071010	5.7
20071011	7.5
20071012	4.4
20071013	2.6
20071014	5.9
20071015	6.5
20071016	2
20071017	5.2
20071018	6.1
20071019	2.7
20071020	NA
20071021	0.8
20071022	8.9
20071023	5.6
20071024	8.5
20071025	7.8
20071026	6.8
20071027	4.8
20071028	NA
20071029	7.3
20071030	7.9
20071031	5.2
20071101	0.9
20071102	7.6
20071103	4.4
20071104	6
20071105	7.8
20071106	7.7
20071107	7.7
20071108	3.9
20071109	0.2
20071110	5.7
20071111	NA
20071112	7
20071113	5.3
20071114	3.3
20071115	2.2
20071116	8.3
20071117	2.1
20071118	4.9
20071119	8.7
20071120	2.3
20071121	1.1
20071122	5.9
20071123	4.6
20071124	5.7
20071125	4.4
20071126	6
20071127	3.9
20071128	7.6
20071129	7.3
20071130	1.6
20071201	9.2
20071202	9.9
20071203	8.6
20071204	8.9
20071205	9.7
20071206	7.9
20071207	7.6
20071208	6.5
20071209	9.3
20071210	7.6
20071211	3.6
20071212	6.2
20071213	NA
20071214	NA
20071215	5.9
20071216	6.7
20071217	6.7
20071218	8.6
20071219	7.2
20071220	9.4
20071221	6.8
20071222	6.3
20071223	0.6
20071224	1.2
20071225	2.2
20071226	0.6
20071227	3.5
20071228	9
20071229	7.7
20071230	4.4
20071231	7.6
20080101	NA
20080102	NA
20080103	NA
20080104	NA
20080105	NA
20080106	NA
20080107	NA
20080108	NA
20080109	NA
20080110	NA
20080111	NA
20080112	NA
20080113	NA
20080114	NA
20080115	NA
20080116	NA
20080117	NA
20080118	NA
20080119	NA
20080120	NA
20080121	NA
20080122	NA
20080123	NA
20080124	NA
20080125	NA
20080126	NA
20080127	NA
20080128	NA
20080129	NA
20080130	NA
20080131	NA
20080201	7.5
20080202	7.8
20080203	10.1
20080204	9.9
20080205	7.5
20080206	6.8
20080207	3.4
20080208	8.3
20080209	4.3
20080210	5.9
20080211	6.7
20080212	2.3
20080213	4
20080214	5.2
20080215	7.7
20080216	1.1
20080217	2.8
20080218	4.3
20080219	3.5
20080220	9.8
20080221	2.4
20080222	6.1
20080223	8
20080224	8
20080225	5
20080226	4
20080227	7.8
20080228	3.1
20080229	8.4
20080301	6.5
20080302	5.4
20080303	7
20080304	5.1
20080305	1.6
20080306	0.4
20080307	7.3
20080308	3.7
20080309	8.7
20080310	1.9
20080311	7.5
20080312	4.7
20080313	5.1
20080314	0.1
20080315	7.4
20080316	7.4
20080317	6.8
20080318	2.8
20080319	2.5
20080320	2.5
20080321	6.7
20080322	1.1
20080323	3.4
20080324	4.1
20080325	0.9
20080326	3.6
20080327	1
20080328	1.5
20080329	2.5
20080330	2.4
20080331	0.5
20080401	4.2
20080402	6.7
20080403	7.6
20080404	9.1
20080405	6.3
20080406	7.3
20080407	0.1
20080408	1.5
20080409	0.5
20080410	1.9
20080411	3
20080412	5.4
20080413	4.3
20080414	1.6
20080415	0.5
20080416	7.4
20080417	5
20080418	7.2
20080419	1.1
20080420	0.5
20080421	1.8
20080422	4.1
20080423	4.4
20080424	NA
20080425	1.9
20080426	4.2
20080427	4.9
20080428	5
20080429	6.3
20080430	NA
20080501	4.7
20080502	1.9
20080503	3.6
20080504	3.5
20080505	1.8
20080506	4.7
20080507	2.3
20080508	0
20080509	5.7
20080510	NA
20080511	2.9
20080512	7.4
20080513	1.8
20080514	NA
20080515	1.8
20080516	2.8
20080517	0
20080518	2.8
20080519	1.5
20080520	4
20080521	4.8
20080522	5.2
20080523	1.6
20080524	4
20080525	3.8
20080526	1.6
20080527	5.7
20080528	3
20080529	5
20080530	6
20080531	3.5
20080601	5.3
20080602	5
20080603	2.3
20080604	6.8
20080605	1.5
20080606	3.4
20080607	1.8
20080608	2.1
20080609	8.5
20080610	4
20080611	7.5
20080612	4.8
20080613	3.4
20080614	3.1
20080615	7.4
20080616	1.7
20080617	7.4
20080618	4.6
20080619	7.4
20080620	7.5
20080621	2.1
20080622	1.1
20080623	5
20080624	6
20080625	11.1
20080626	NA
20080627	8.4
20080628	3.5
20080629	4
20080630	3.5
20080701	4.9
20080702	2.1
20080703	5.6
20080704	2.2
20080705	3.8
20080706	0
20080707	4.9
20080708	0
20080709	5.3
20080710	NA
20080711	2.5
20080712	4.3
20080713	1.9
20080714	4.1
20080715	4.4
20080716	NA
20080717	4.3
20080718	4.9
20080719	9.6
20080720	8.9
20080721	7
20080722	2.6
20080723	8.9
20080724	6.2
20080725	6.5
20080726	3.3
20080727	4.1
20080728	4.8
20080729	4.8
20080730	4.3
20080731	2.5
20080801	5.2
20080802	0.7
20080803	7.4
20080804	7.3
20080805	5.9
20080806	5.3
20080807	9.3
20080808	6.1
20080809	1.7
20080810	3.2
20080811	0.1
20080812	6.2
20080813	4.5
20080814	6.8
20080815	NA
20080816	4.1
20080817	NA
20080818	4
20080819	2.7
20080820	10.8
20080821	5.2
20080822	7.2
20080823	6.9
20080824	4.3
20080825	7.7
20080826	3.6
20080827	6.7
20080828	6.7
20080829	4.3
20080830	1.3
20080831	4.5
20080901	3.1
20080902	6.3
20080903	NA
20080904	NA
20080905	NA
20080906	NA
20080907	NA
20080908	NA
20080909	NA
20080910	NA
20080911	NA
20080912	8.4
20080913	6.9
20080914	5.8
20080915	4.7
20080916	1.4
20080917	1.7
20080918	5.1
20080919	5.7
20080920	0.7
20080921	5.8
20080922	5
20080923	2
20080924	6.3
20080925	7.4
20080926	3.3
20080927	3.7
20080928	2.5
20080929	6.5
20080930	4.7
20081001	5.7
20081002	1.7
20081003	2.5
20081004	4.1
20081005	5.2
20081006	6
20081007	3.8
20081008	8.8
20081009	0.8
20081010	8.4
20081011	NA
20081012	3.3
20081013	6.2
20081014	7.5
20081015	9.5
20081016	3.4
20081017	6.5
20081018	6.4
20081019	6.6
20081020	7.5
20081021	4.3
20081022	7.2
20081023	5.9
20081024	8.8
20081025	5.2
20081026	8.8
20081027	2.2
20081028	4.4
20081029	4
20081030	0
20081031	5.5
20081101	0.3
20081102	1.6
20081103	7.1
20081104	1.7
20081105	3.3
20081106	5.8
20081107	6.8
20081108	5
20081109	10.2
20081110	7
20081111	7.3
20081112	6
20081113	5
20081114	6.4
20081115	7.7
20081116	8.9
20081117	5.6
20081118	7.6
20081119	3
20081120	10.4
20081121	NA
20081122	5.9
20081123	4.7
20081124	2.6
20081125	NA
20081126	2
20081127	NA
20081128	1.1
20081129	3.7
20081130	3.7
20081201	4.5
20081202	4.7
20081203	8.5
20081204	5
20081205	6.9
20081206	6.4
20081207	3.7
20081208	6.5
20081209	2.2
20081210	3.2
20081211	0
20081212	2.3
20081213	7.9
20081214	8.7
20081215	8.7
20081216	7.8
20081217	8.7
20081218	6.8
20081219	0
20081220	3.2
20081221	2.6
20081222	2.5
20081223	8.1
20081224	6.6
20081225	10
20081226	9.3
20081227	7.4
20081228	9.1
20081229	7
20081230	3.6
20081231	3.2
20090101	5.8
20090102	1.1
20090103	5.6
20090104	1.9
20090105	6.8
20090106	2.7
20090107	7.8
20090108	6.3
20090109	2.9
20090110	6.2
20090111	3.6
20090112	NA
20090113	0.9
20090114	0.9
20090115	7.1
20090116	0
20090117	0.8
20090118	0.7
20090119	7.9
20090120	6.9
20090121	3.4
20090122	1.1
20090123	4.5
20090124	7.3
20090125	8.4
20090126	9.7
20090127	10.4
20090128	8.8
20090129	6
20090130	2
20090131	NA
20090201	7.2
20090202	6.9
20090203	5.5
20090204	5
20090205	6.2
20090206	8.5
20090207	8.9
20090208	6.7
20090209	0.4
20090210	5
20090211	3.9
20090212	1.4
20090213	0.2
20090214	5.5
20090215	7.5
20090216	7.4
20090217	7.3
20090218	4
20090219	3.7
20090220	0.6
20090221	4.8
20090222	6.6
20090223	4.9
20090224	3.7
20090225	1.9
20090226	6.6
20090227	5
20090228	0.2
20090301	0.2
20090302	0
20090303	0.2
20090304	4.2
20090305	8.6
20090306	7.2
20090307	4.5
20090308	8.7
20090309	3.1
20090310	2.4
20090311	1.7
20090312	NA
20090313	3.8
20090314	3.7
20090315	3.8
20090316	4.2
20090317	2.1
20090318	NA
20090319	1.1
20090320	0.8
20090321	2
20090322	NA
20090323	1.4
20090324	5.2
20090325	5.7
20090326	4
20090327	6.7
20090328	3
20090329	5.4
20090330	6.3
20090331	1.9
20090401	3
20090402	8.5
20090403	6.8
20090404	9
20090405	7.3
20090406	2.8
20090407	1.2
20090408	0.6
20090409	6.5
20090410	2.5
20090411	3.3
20090412	4.6
20090413	7.7
20090414	5.6
20090415	7.2
20090416	3.6
20090417	0.3
20090418	1.8
20090419	2.5
20090420	3.4
20090421	0
20090422	2.6
20090423	5.9
20090424	8.8
20090425	1.8
20090426	3.7
20090427	5.7
20090428	0.3
20090429	0.5
20090430	0.8
20090501	4
20090502	5.2
20090503	6
20090504	4.9
20090505	1.2
20090506	6.3
20090507	3.5
20090508	0.2
20090509	0.7
20090510	3.5
20090511	5.4
20090512	6.6
20090513	1.8
20090514	0
20090515	3.1
20090516	6.9
20090517	6
20090518	4
20090519	1.3
20090520	0.4
20090521	NA
20090522	1
20090523	5
20090524	NA
20090525	3.9
20090526	8.7
20090527	4.5
20090528	0.1
20090529	4.6
20090530	5.5
20090531	2.1
20090601	6.6
20090602	3.9
20090603	2.9
20090604	0
20090605	0
20090606	7.2
20090607	0.1
20090608	3.6
20090609	1.1
20090610	2.1
20090611	4.5
20090612	3.6
20090613	0.2
20090614	3.5
20090615	6.8
20090616	4.4
20090617	2
20090618	NA
20090619	4.9
20090620	0.9
20090621	0.3
20090622	6.7
20090623	NA
20090624	0.4
20090625	3.2
20090626	5.9
20090627	8.2
20090628	0
20090629	5.6
20090630	2.9
20090701	2.2
20090702	6.3
20090703	6.6
20090704	2.9
20090705	8
20090706	6.4
20090707	4.9
20090708	6.5
20090709	4.7
20090710	1.7
20090711	7.3
20090712	7.7
20090713	8.5
20090714	4.1
20090715	8
20090716	10.7
20090717	7.8
20090718	8.3
20090719	7.5
20090720	0.9
20090721	6.9
20090722	6
20090723	5.4
20090724	7.8
20090725	NA
20090726	8.7
20090727	6.4
20090728	8.8
20090729	1.1
20090730	5.9
20090731	8.3
20090801	8.5
20090802	8.1
20090803	7.7
20090804	4.8
20090805	0.9
20090806	0.3
20090807	2.8
20090808	5.1
20090809	3
20090810	7.4
20090811	7.7
20090812	3.1
20090813	6.7
20090814	2.4
20090815	5
20090816	1.6
20090817	7.8
20090818	3.4
20090819	7.9
20090820	3.7
20090821	5.6
20090822	2.6
20090823	6.1
20090824	3.6
20090825	1.7
20090826	3.9
20090827	4.1
20090828	2.9
20090829	0
20090830	0.1
20090831	9.4
20090901	2.3
20090902	7.1
20090903	0.2
20090904	4.8
20090905	5.6
20090906	8
20090907	2.9
20090908	3.7
20090909	1
20090910	5.3
20090911	7.1
20090912	1
20090913	5.6
20090914	6.5
20090915	0.4
20090916	1.5
20090917	0.9
20090918	4.4
20090919	4.1
20090920	5.4
20090921	3.7
20090922	0.5
20090923	5.7
20090924	5.8
20090925	4.8
20090926	4.2
20090927	1
20090928	3.5
20090929	4.6
20090930	5.7
20091001	0
20091002	2.9
20091003	0.9
20091004	2
20091005	6.4
20091006	6.2
20091007	2.2
20091008	5.1
20091009	6.4
20091010	5.8
20091011	0.7
20091012	0
20091013	5.8
20091014	4.4
20091015	3.2
20091016	5.7
20091017	6.7
20091018	1.4
20091019	NA
20091020	NA
20091021	5.2
20091022	8.3
20091023	7.1
20091024	3.4
20091025	NA
20091026	7.7
20091027	2.8
20091028	7.6
20091029	6.8
20091030	2.8
20091031	3.1
20091101	7.8
20091102	3.2
20091103	4.1
20091104	4
20091105	8.1
20091106	1.5
20091107	5.7
20091108	5.2
20091109	9.2
20091110	4.5
20091111	5.8
20091112	6.4
20091113	5.5
20091114	7.4
20091115	1.4
20091116	2.3
20091117	7.1
20091118	NA
20091119	6.1
20091120	1.1
20091121	6.3
20091122	0.5
20091123	0
20091124	3.7
20091125	9
20091126	8.4
20091127	5.9
20091128	0
20091129	6.5
20091130	6
20091201	7.9
20091202	7.6
20091203	8.1
20091204	9
20091205	6.1
20091206	8.1
20091207	7.7
20091208	3.2
20091209	9.5
20091210	NA
20091211	2.2
20091212	6.8
20091213	9.2
20091214	8.2
20091215	1.9
20091216	2.8
20091217	2.8
20091218	4.2
20091219	1.8
20091220	4.6
20091221	0.6
20091222	5.9
20091223	NA
20091224	8
20091225	6.6
20091226	4
20091227	6.2
20091228	9
20091229	8.2
20091230	7.1
20091231	9
20100101	9.3
20100102	8.2
20100103	8.5
20100104	7.3
20100105	6.4
20100106	8.1
20100107	6.4
20100108	6.2
20100109	2.4
20100110	2.1
20100111	6.3
20100112	8.1
20100113	7.2
20100114	9.2
20100115	8.1
20100116	8.5
20100117	4.9
20100118	3.7
20100119	5.4
20100120	5
20100121	0.9
20100122	0.7
20100123	6.1
20100124	8.4
20100125	1.9
20100126	3.8
20100127	7.2
20100128	8.1
20100129	7.4
20100130	5.2
20100131	3.1
20100201	7.1
20100202	2.4
20100203	6.2
20100204	2.8
20100205	0.8
20100206	3.4
20100207	5.5
20100208	1.9
20100209	6.3
20100210	0
20100211	2.3
20100212	5.3
20100213	1.1
20100214	5.5
20100215	2.8
20100216	5.1
20100217	0
20100218	3.6
20100219	3.4
20100220	3.7
20100221	NA
20100222	5.8
20100223	1.9
20100224	6.5
20100225	0.1
20100226	6.9
20100227	3.4
20100228	6.7
20100301	4.4
20100302	4.2
20100303	0.4
20100304	5.3
20100305	1.2
20100306	0.7
20100307	NA
20100308	1.7
20100309	1
20100310	2.6
20100311	4.2
20100312	3
20100313	5.9
20100314	6.1
20100315	3.1
20100316	3.8
20100317	3.3
20100318	NA
20100319	3.3
20100320	2.6
20100321	6.4
20100322	2.6
20100323	4.1
20100324	2.6
20100325	4.3
20100326	4.3
20100327	0.7
20100328	4.7
20100329	NA
20100330	NA
20100331	4.4
20100401	5.5
20100402	1.6
20100403	3.8
20100404	0.2
20100405	2.5
20100406	0.8
20100407	6.9
20100408	1.4
20100409	4.6
20100410	1.8
20100411	1.6
20100412	0.8
20100413	6.4
20100414	4.1
20100415	9.1
20100416	2.9
20100417	6.1
20100418	8.7
20100419	3.3
20100420	NA
20100421	5.9
20100422	3.3
20100423	4.1
20100424	2.3
20100425	4.7
20100426	3.5
20100427	3.8
20100428	NA
20100429	5.6
20100430	6.7
20100501	3.4
20100502	3.6
20100503	NA
20100504	8.6
20100505	5.9
20100506	6.4
20100507	7.9
20100508	4.7
20100509	2.5
20100510	5.2
20100511	0.7
20100512	0.8
20100513	7.1
20100514	5.9
20100515	8.4
20100516	8.5
20100517	5
20100518	7.9
20100519	3.8
20100520	NA
20100521	8.7
20100522	NA
20100523	6.2
20100524	5.5
20100525	8.4
20100526	3.1
20100527	0
20100528	1.8
20100529	6.9
20100530	10.2
20100531	0.3
20100601	3.7
20100602	5.1
20100603	10.7
20100604	5
20100605	5.7
20100606	7.2
20100607	6.3
20100608	6.1
20100609	0
20100610	6.3
20100611	8.4
20100612	2.2
20100613	4.8
20100614	1.2
20100615	6.4
20100616	5.1
20100617	3.9
20100618	5.8
20100619	3.8
20100620	0.7
20100621	7.4
20100622	6.4
20100623	4.7
20100624	3.8
20100625	7.1
20100626	4
20100627	1
20100628	5.2
20100629	2.4
20100630	5.1
20100701	7.2
20100702	5.9
20100703	0.7
20100704	6.5
20100705	0
20100706	10
20100707	2.7
20100708	5.3
20100709	5.9
20100710	8.6
20100711	0
20100712	5.7
20100713	4.4
20100714	4.3
20100715	6
20100716	0.2
20100717	6.4
20100718	NA
20100719	5.8
20100720	4
20100721	1.4
20100722	7.3
20100723	6.1
20100724	9.5
20100725	6.7
20100726	5
20100727	0.6
20100728	0.8
20100729	8.7
20100730	2.9
20100731	2.8
20100801	8.4
20100802	NA
20100803	0.9
20100804	7.3
20100805	8.1
20100806	6
20100807	5.2
20100808	4
20100809	7.3
20100810	4.1
20100811	1.9
20100812	2.4
20100813	4.3
20100814	9.4
20100815	7.1
20100816	0
20100817	4.4
20100818	7.8
20100819	5
20100820	3.8
20100821	2.8
20100822	2.9
20100823	6.3
20100824	5.8
20100825	6.3
20100826	2.3
20100827	3.2
20100828	5.2
20100829	7.2
20100830	8.2
20100831	3.9
20100901	0.6
20100902	1.9
20100903	4.3
20100904	4.6
20100905	4.1
20100906	5.3
20100907	2.9
20100908	4.7
20100909	6.8
20100910	6.4
20100911	8.1
20100912	7.1
20100913	6
20100914	6
20100915	3.8
20100916	0
20100917	4.2
20100918	4.1
20100919	4.7
20100920	4.8
20100921	4.3
20100922	6.1
20100923	4.7
20100924	2.2
20100925	5.3
20100926	4.4
20100927	6.7
20100928	NA
20100929	8.6
20100930	2.8
20101001	5.1
20101002	0
20101003	4.8
20101004	5.3
20101005	7.6
20101006	7.3
20101007	9.5
20101008	8.6
20101009	5.3
20101010	4.6
20101011	6
20101012	7.4
20101013	4.9
20101014	7
20101015	0.4
20101016	2.6
20101017	5.2
20101018	5.4
20101019	1.8
20101020	8.7
20101021	5.3
20101022	3.8
20101023	7.1
20101024	4.6
20101025	8.6
20101026	5.4
20101027	9.7
20101028	6.4
20101029	5.5
20101030	5.1
20101031	5.8
20101101	5.8
20101102	3.8
20101103	6.9
20101104	7.1
20101105	7.5
20101106	4.5
20101107	4.5
20101108	4.6
20101109	NA
20101110	6.6
20101111	1.3
20101112	0.7
20101113	4.9
20101114	5.1
20101115	5.2
20101116	8.3
20101117	4.1
20101118	0.1
20101119	7.4
20101120	6.4
20101121	6.6
20101122	7.6
20101123	4.5
20101124	6.7
20101125	8.2
20101126	6.4
20101127	2
20101128	4.6
20101129	6.8
20101130	NA
20101201	2.4
20101202	3.9
20101203	NA
20101204	NA
20101205	5.5
20101206	6.5
20101207	3.5
20101208	4.8
20101209	6.3
20101210	4.1
20101211	2.9
20101212	NA
20101213	0.8
20101214	0.3
20101215	0
20101216	3.6
20101217	NA
20101218	3.3
20101219	4.1
20101220	6.5
20101221	2.5
20101222	4.6
20101223	6.4
20101224	5.4
20101225	5.5
20101226	1.1
20101227	1.3
20101228	9.5
20101229	4.4
20101230	7.9
20101231	7.2
20110101	9.1
20110102	8.5
20110103	1
20110104	2.1
20110105	8.1
20110106	9.4
20110107	4.6
20110108	2.9
20110109	5.5
20110110	3.7
20110111	6.3
20110112	6.3
20110113	7.5
20110114	3
20110115	5.1
20110116	6.4
20110117	6.8
20110118	7.7
20110119	4.9
20110120	9.9
20110121	8.2
20110122	8.2
20110123	7.3
20110124	5.3
20110125	7.1
20110126	3
20110127	4.3
20110128	7.3
20110129	8.3
20110130	8.2
20110131	6.1
20110201	7.4
20110202	4.1
20110203	8.1
20110204	8.7
20110205	7
20110206	7.7
20110207	6.7
20110208	8
20110209	9.5
20110210	7.8
20110211	5.9
20110212	4.9
20110213	4.9
20110214	7.9
20110215	1.2
20110216	0
20110217	7.5
20110218	5.1
20110219	5.3
20110220	8.9
20110221	8.4
20110222	8.7
20110223	6.9
20110224	1.2
20110225	8.7
20110226	7.1
20110227	6.5
20110228	2.2
20110301	0
20110302	1
20110303	0.6
20110304	6.8
20110305	6.1
20110306	5.8
20110307	6.7
20110308	3.8
20110309	3.4
20110310	3.9
20110311	4.9
20110312	8.9
20110313	8.3
20110314	6.5
20110315	2
20110316	4.7
20110317	0.1
20110318	0.4
20110319	3
20110320	2.7
20110321	3.9
20110322	1.3
20110323	2.5
20110324	5.4
20110325	1.2
20110326	3.7
20110327	5.4
20110328	1.2
20110329	3.7
20110330	3.9
20110331	2.8
20110401	6.4
20110402	5.5
20110403	1.5
20110404	6.6
20110405	1.5
20110406	7.5
20110407	5.2
20110408	4.2
20110409	5.3
20110410	2.7
20110411	5
20110412	4.2
20110413	5.7
20110414	NA
20110415	3.8
20110416	7.5
20110417	NA
20110418	7
20110419	NA
20110420	NA
20110421	5.1
20110422	7
20110423	2.2
20110424	5.2
20110425	2.9
20110426	3.4
20110427	5.8
20110428	0.2
20110429	0
20110430	4.9
20110501	0.3
20110502	8.3
20110503	1.1
20110504	4
20110505	2.1
20110506	5.4
20110507	7.1
20110508	1.2
20110509	4.2
20110510	5.8
20110511	0.4
20110512	2.3
20110513	1
20110514	2.8
20110515	10.4
20110516	7.3
20110517	7.5
20110518	9.7
20110519	7.7
20110520	7.7
20110521	8.2
20110522	3.6
20110523	8
20110524	7.9
20110525	2.4
20110526	6.4
20110527	9.6
20110528	1.3
20110529	7.7
20110530	4.9
20110531	3.3
20110601	3.1
20110602	0.7
20110603	1.1
20110604	5.9
20110605	6
20110606	10.1
20110607	7.6
20110608	7.5
20110609	7.3
20110610	6.3
20110611	1.6
20110612	6.9
20110613	6.7
20110614	7.3
20110615	5.1
20110616	0.2
20110617	4.4
20110618	5.5
20110619	2.2
20110620	6
20110621	8
20110622	2.5
20110623	6.2
20110624	4.8
20110625	3.8
20110626	6.4
20110627	9.7
20110628	NA
20110629	4.8
20110630	1.3
20110701	2.3
20110702	6.3
20110703	8.3
20110704	0.3
20110705	8.2
20110706	4
20110707	2.3
20110708	9.6
20110709	5.3
20110710	2.2
20110711	6.7
20110712	1.9
20110713	2.4
20110714	2.7
20110715	6.5
20110716	7.8
20110717	6
20110718	NA
20110719	7
20110720	6.3
20110721	2.9
20110722	7.8
20110723	7.3
20110724	3.7
20110725	8.8
20110726	NA
20110727	5.3
20110728	1.6
20110729	6
20110730	0.5
20110731	4.5
20110801	4
20110802	8.9
20110803	0.8
20110804	7.5
20110805	5.4
20110806	8.9
20110807	8.3
20110808	6.9
20110809	5
20110810	9.5
20110811	0.3
20110812	7.7
20110813	4.9
20110814	5.2
20110815	4
20110816	0.2
20110817	8.8
20110818	7.1
20110819	5.2
20110820	9.2
20110821	5.2
20110822	4.4
20110823	4.1
20110824	4.5
20110825	8.4
20110826	7.8
20110827	7.3
20110828	2.4
20110829	8
20110830	8.2
20110831	7.2
20110901	3.8
20110902	5.1
20110903	3
20110904	7.8
20110905	7.1
20110906	9.5
20110907	4.4
20110908	2.1
20110909	1.5
20110910	8
20110911	6
20110912	7.4
20110913	NA
20110914	8
20110915	3.9
20110916	NA
20110917	7.2
20110918	1.2
20110919	NA
20110920	1
20110921	7.9
20110922	8.5
20110923	7
20110924	0.8
20110925	6.7
20110926	3.6
20110927	7.3
20110928	6.1
20110929	NA
20110930	4.9
20111001	NA
20111002	5.8
20111003	4.8
20111004	0
20111005	8.3
20111006	7.6
20111007	7.8
20111008	4.4
20111009	7.4
20111010	7.6
20111011	6.1
20111012	7.9
20111013	5.5
20111014	3.2
20111015	NA
20111016	7.8
20111017	4.2
20111018	NA
20111019	4.6
20111020	5.3
20111021	9.5
20111022	10.4
20111023	9.8
20111024	7.5
20111025	7.8
20111026	6.9
20111027	7.6
20111028	0.3
20111029	2.2
20111030	0
20111031	0.8
20111101	7.2
20111102	7.1
20111103	5.9
20111104	4.4
20111105	7.3
20111106	7.4
20111107	6.2
20111108	5
20111109	8.1
20111110	7.6
20111111	3.9
20111112	2.7
20111113	3.2
20111114	6.6
20111115	7.3
20111116	5.1
20111117	1.5
20111118	3.4
20111119	7.6
20111120	5.1
20111121	9
20111122	7.5
20111123	6.1
20111124	3.6
20111125	7.5
20111126	7
20111127	5.4
20111128	2.7
20111129	6.3
20111130	0
20111201	1.5
20111202	1.9
20111203	8.2
20111204	7.3
20111205	4
20111206	1.9
20111207	NA
20111208	NA
20111209	8.6
20111210	5.4
20111211	2.4
20111212	3.7
20111213	6.8
20111214	4.8
20111215	2.9
20111216	NA
20111217	4.1
20111218	3.5
20111219	0.1
20111220	8.3
20111221	5.8
20111222	6.6
20111223	5.1
20111224	0
20111225	3.5
20111226	1.4
20111227	4.5
20111228	2.2
20111229	0
20111230	6.8
20111231	1.1
20120101	6.4
20120102	2.9
20120103	0.3
20120104	4.4
20120105	4.1
20120106	7.3
20120107	5.4
20120108	4.7
20120109	2.6
20120110	2.3
20120111	8.3
20120112	4
20120113	2.1
20120114	0.2
20120115	0.1
20120116	7.2
20120117	6.6
20120118	7.8
20120119	5.6
20120120	8.5
20120121	9.4
20120122	8.4
20120123	8.3
20120124	5.6
20120125	9.7
20120126	5.7
20120127	4.6
20120128	4.2
20120129	2.6
20120130	2.2
20120131	3.4
20120201	7.1
20120202	6.5
20120203	2.5
20120204	0.9
20120205	2
20120206	0.3
20120207	5.1
20120208	0.7
20120209	0.7
20120210	3.2
20120211	7.4
20120212	3.2
20120213	5.3
20120214	8.9
20120215	7.5
20120216	10.3
20120217	9.8
20120218	8.4
20120219	9.3
20120220	8.4
20120221	8.4
20120222	7.5
20120223	9.7
20120224	7.8
20120225	1.9
20120226	6.3
20120227	9.1
20120228	3.8
20120229	7
20120301	8.5
20120302	4.1
20120303	4.7
20120304	1.7
20120305	4.6
20120306	9.1
20120307	NA
20120308	7
20120309	6.4
20120310	5.4
20120311	5.7
20120312	7.6
20120313	7.5
20120314	7.8
20120315	3
20120316	4.3
20120317	4.4
20120318	NA
20120319	1.5
20120320	4.8
20120321	1.9
20120322	5.9
20120323	5.3
20120324	3
20120325	6.2
20120326	5.4
20120327	7.5
20120328	9.4
20120329	2.4
20120330	4.7
20120331	2.8
20120401	NA
20120402	6.2
20120403	6.5
20120404	3.4
20120405	8.1
20120406	6.4
20120407	4.1
20120408	NA
20120409	3.9
20120410	6.7
20120411	6.1
20120412	3.4
20120413	4.2
20120414	4.6
20120415	9.5
20120416	5.2
20120417	6.7
20120418	6.4
20120419	4.7
20120420	7.5
20120421	8.1
20120422	6.2
20120423	8.1
20120424	1.7
20120425	3.2
20120426	5.8
20120427	5.2
20120428	6.8
20120429	3.9
20120430	8.2
20120501	2.5
20120502	9.3
20120503	6.1
20120504	0
20120505	3.7
20120506	10.8
20120507	0.4
20120508	8.7
20120509	4.6
20120510	4.8
20120511	0.6
20120512	2.6
20120513	5.2
20120514	1.9
20120515	5.4
20120516	6.6
20120517	7.5
20120518	1.4
20120519	2.1
20120520	7.1
20120521	8.1
20120522	0.7
20120523	7.6
20120524	4.4
20120525	0.7
20120526	7.8
20120527	8.2
20120528	3
20120529	3.7
20120530	0.1
20120531	10.3
20120601	0.2
20120602	NA
20120603	3
20120604	6.7
20120605	8.8
20120606	8.7
20120607	7.4
20120608	1.5
20120609	NA
20120610	6.2
20120611	6.5
20120612	0.9
20120613	5.3
20120614	1.8
20120615	3.8
20120616	3.1
20120617	5.2
20120618	3.6
20120619	9.7
20120620	6.2
20120621	0.9
20120622	9.1
20120623	4.6
20120624	0.4
20120625	9.1
20120626	3.1
20120627	7.3
20120628	2.3
20120629	6.7
20120630	5
20120701	9
20120702	9
20120703	0.1
20120704	6
20120705	2.1
20120706	3.4
20120707	5.5
20120708	7.3
20120709	6.1
20120710	6.1
20120711	2.1
20120712	5
20120713	2.5
20120714	8.5
20120715	8.8
20120716	5.4
20120717	5.4
20120718	6.7
20120719	7.6
20120720	5.9
20120721	2.4
20120722	8.7
20120723	8.7
20120724	5.5
20120725	6.7
20120726	8.7
20120727	6.5
20120728	5.8
20120729	5
20120730	5.4
20120731	NA
20120801	7.4
20120802	5.9
20120803	8.8
20120804	4.4
20120805	5.5
20120806	6.8
20120807	9.5
20120808	5.6
20120809	NA
20120810	5.7
20120811	5.7
20120812	5.1
20120813	5.2
20120814	7.3
20120815	8
20120816	3.2
20120817	2.3
20120818	7.8
20120819	6.2
20120820	6.6
20120821	2.4
20120822	6.6
20120823	5
20120824	5.4
20120825	8.7
20120826	2.1
20120827	5.9
20120828	5.9
20120829	7.8
20120830	NA
20120831	3.3
20120901	6.5
20120902	7.6
20120903	7.1
20120904	7.6
20120905	4
20120906	6.5
20120907	8.2
20120908	0
20120909	5.6
20120910	6.5
20120911	8.4
20120912	0.2
20120913	2.2
20120914	8.4
20120915	5.7
20120916	3.1
20120917	2.5
20120918	6.7
20120919	6.3
20120920	4.6
20120921	0.6
20120922	1.8
20120923	5.5
20120924	2.7
20120925	NA
20120926	5.2
20120927	5.6
20120928	7.5
20120929	3.3
20120930	4.1
20121001	NA
20121002	NA
20121003	NA
20121004	NA
20121005	NA
20121006	NA
20121007	NA
20121008	NA
20121009	NA
20121010	NA
20121011	NA
20121012	NA
20121013	NA
20121014	NA
20121015	NA
20121016	NA
20121017	NA
20121018	NA
20121019	NA
20121020	NA
20121021	NA
20121022	NA
20121023	NA
20121024	NA
20121025	NA
20121026	NA
20121027	NA
20121028	NA
20121029	NA
20121030	NA
20121031	NA
20121101	NA
20121102	NA
20121103	NA
20121104	NA
20121105	NA
20121106	NA
20121107	NA
20121108	NA
20121109	NA
20121110	NA
20121111	NA
20121112	NA
20121113	NA
20121114	NA
20121115	NA
20121116	NA
20121117	NA
20121118	NA
20121119	NA
20121120	NA
20121121	NA
20121122	NA
20121123	NA
20121124	NA
20121125	NA
20121126	NA
20121127	NA
20121128	NA
20121129	NA
20121130	NA
20121201	NA
20121202	NA
20121203	NA
20121204	NA
20121205	NA
20121206	NA
20121207	NA
20121208	NA
20121209	NA
20121210	NA
20121211	NA
20121212	NA
20121213	NA
20121214	NA
20121215	NA
20121216	NA
20121217	NA
20121218	NA
20121219	NA
20121220	NA
20121221	NA
20121222	NA
20121223	NA
20121224	NA
20121225	NA
20121226	NA
20121227	NA
20121228	NA
20121229	NA
20121230	NA
20121231	NA
20130101	8.7
20130102	4.5
20130103	6.4
20130104	8.1
20130105	9
20130106	9.1
20130107	7
20130108	9.5
20130109	8.6
20130110	8.7
20130111	8.2
20130112	9.3
20130113	8.9
20130114	8
20130115	6.3
20130116	5.5
20130117	5.4
20130118	6.1
20130119	3.8
20130120	6.2
20130121	3.7
20130122	NA
20130123	NA
20130124	1.3
20130125	4.7
20130126	3
20130127	4.5
20130128	NA
20130129	NA
20130130	NA
20130131	NA
20130201	NA
20130202	NA
20130203	NA
20130204	1.3
20130205	NA
20130206	0.5
20130207	NA
20130208	NA
20130209	NA
20130210	NA
20130211	NA
20130212	NA
20130213	NA
20130214	NA
20130215	NA
20130216	NA
20130217	NA
20130218	NA
20130219	NA
20130220	NA
20130221	NA
20130222	NA
20130223	NA
20130224	NA
20130225	NA
20130226	NA
20130227	NA
20130228	NA
20130301	NA
20130302	NA
20130303	NA
20130304	NA
20130305	NA
20130306	2.9
20130307	4.1
20130308	4.4
20130309	1
20130310	3
20130311	2.7
20130312	2.8
20130313	1.2
20130314	0
20130315	0
20130316	5
20130317	3.5
20130318	3
20130319	6.4
20130320	5.7
20130321	1.7
20130322	2.9
20130323	2
20130324	NA
20130325	1.5
20130326	4.7
20130327	2.1
20130328	0.4
20130329	5.7
20130330	2.4
20130331	8
20130401	4
20130402	4.4
20130403	6.3
20130404	7
20130405	0
20130406	2.3
20130407	NA
20130408	5
20130409	3
20130410	4.6
20130411	5.8
20130412	3.9
20130413	NA
20130414	NA
20130415	1.2
20130416	5.4
20130417	0
20130418	0
20130419	0
20130420	2.5
20130421	2.5
20130422	6.9
20130423	6.5
20130424	0
20130425	0
20130426	0
20130427	0
20130428	NA
20130429	0
20130430	2.2
20130501	4.4
20130502	NA
20130503	7.2
20130504	3.2
20130505	4.2
20130506	4.8
20130507	6.5
20130508	NA
20130509	2.1
20130510	0.3
20130511	5.8
20130512	7.4
20130513	NA
20130514	0
20130515	NA
20130516	1.7
20130517	1.6
20130518	5.8
20130519	3.3
20130520	1.8
20130521	2.9
20130522	4.7
20130523	2.9
20130524	NA
20130525	NA
20130526	6.9
20130527	NA
20130528	5.4
20130529	5.1
20130530	6.3
20130531	0.5
20130601	NA
20130602	NA
20130603	NA
20130604	NA
20130605	NA
20130606	NA
20130607	NA
20130608	NA
20130609	NA
20130610	NA
20130611	NA
20130612	NA
20130613	NA
20130614	NA
20130615	NA
20130616	NA
20130617	NA
20130618	NA
20130619	NA
20130620	NA
20130621	NA
20130622	NA
20130623	NA
20130624	NA
20130625	NA
20130626	NA
20130627	NA
20130628	NA
20130629	NA
20130630	NA
20130701	2.3
20130702	8.4
20130703	9.3
20130704	6
20130705	9
20130706	NA
20130707	2.6
20130708	8.1
20130709	3.5
20130710	NA
20130711	4.7
20130712	7
20130713	6.3
20130714	8.2
20130715	7
20130716	NA
20130717	5.8
20130718	2.2
20130719	1.4
20130720	2.6
20130721	6
20130722	5.6
20130723	8.7
20130724	9
20130725	7.5
20130726	8.2
20130727	7.1
20130728	5.2
20130729	8.9
20130730	7.8
20130731	7.5
20130801	NA
20130802	0
20130803	6.8
20130804	7.4
20130805	3.9
20130806	3.9
20130807	3.6
20130808	0.6
20130809	6.9
20130810	3.7
20130811	5.8
20130812	6.9
20130813	4
20130814	7.4
20130815	2.7
20130816	5.4
20130817	3
20130818	7.6
20130819	4.3
20130820	7.5
20130821	3.2
20130822	5.2
20130823	8.4
20130824	0
20130825	6.5
20130826	0.3
20130827	9.1
20130828	6.4
20130829	5.3
20130830	5.8
20130831	4.6
20130901	0.3
20130902	8.4
20130903	6
20130904	5.9
20130905	6.5
20130906	3.5
20130907	1.5
20130908	4.7
20130909	5.2
20130910	2
20130911	4.6
20130912	5.7
20130913	6.9
20130914	2.5
20130915	3.6
20130916	6
20130917	3.8
20130918	3.3
20130919	0
20130920	7.6
20130921	7.3
20130922	2.8
20130923	6.1
20130924	0.5
20130925	3
20130926	0
20130927	4.8
20130928	4
20130929	6.6
20130930	NA
20131001	9.2
20131002	6.5
20131003	6.7
20131004	0
20131005	7.2
20131006	7.4
20131007	3.8
20131008	5.9
20131009	7.8
20131010	4
20131011	2
20131012	5.2
20131013	5.7
20131014	2.5
20131015	6.5
20131016	4.3
20131017	6.3
20131018	NA
20131019	7.8
20131020	6.4
20131021	2.7
20131022	3.8
20131023	7
20131024	2.7
20131025	7.8
20131026	4.8
20131027	6.7
20131028	9.7
20131029	1.4
20131030	6.9
20131031	6.8
20131101	NA
20131102	10
20131103	7.2
20131104	5.1
20131105	3.1
20131106	6.4
20131107	0
20131108	3.4
20131109	4.9
20131110	5.7
20131111	7.2
20131112	4.9
20131113	8
20131114	7
20131115	NA
20131116	4
20131117	8.5
20131118	5.9
20131119	8.1
20131120	8.3
20131121	8.9
20131122	7.2
20131123	5
20131124	6.3
20131125	6.1
20131126	6.4
20131127	7.8
20131128	6
20131129	7
20131130	5
20131201	9.2
20131202	3.9
20131203	4.7
20131204	5.8
20131205	7.1
20131206	6
20131207	5.7
20131208	6.4
20131209	6
20131210	7.5
20131211	8.9
20131212	1.3
20131213	2
20131214	6.8
20131215	0
20131216	6.1
20131217	3.4
20131218	8.2
20131219	9.8
20131220	9.4
20131221	9.7
20131222	9.9
20131223	9.8
20131224	8.2
20131225	6.9
20131226	6.8
20131227	1.2
20131228	3.7
20131229	4.5
20131230	5.4
20131231	4.7
20140101	6
20140102	4.3
20140103	NA
20140104	3.9
20140105	1.4
20140106	0.7
20140107	5.3
20140108	6.1
20140109	7.8
20140110	9.2
20140111	9.1
20140112	6.4
20140113	2.9
20140114	3.7
20140115	4
20140116	4
20140117	3.8
20140118	1.3
20140119	0.7
20140120	3.4
20140121	2.7
20140122	0.1
20140123	4.6
20140124	7.4
20140125	2.4
20140126	6
20140127	7.5
20140128	8.3
20140129	9.1
20140130	6.5
20140131	7.1
20140201	NA
20140202	4.6
20140203	6.6
20140204	5.9
20140205	5.9
20140206	5.8
20140207	7.7
20140208	7.7
20140209	4.5
20140210	4.5
20140211	5
20140212	2.8
20140213	7.2
20140214	5.1
20140215	5.7
20140216	5.8
20140217	6.2
20140218	7.1
20140219	6.2
20140220	NA
20140221	NA
20140222	NA
20140223	NA
20140224	2.3
20140225	3.4
20140226	2.2
20140227	0.8
20140228	0
20140301	0.2
20140302	7.2
20140303	7.5
20140304	8.5
20140305	7.3
20140306	6.9
20140307	1.3
20140308	1.6
20140309	3.9
20140310	1.8
20140311	3
20140312	1.2
20140313	5.3
20140314	2.2
20140315	4.5
20140316	4.7
20140317	4.5
20140318	5
20140319	3.8
20140320	1.4
20140321	4.5
20140322	0.1
20140323	5
20140324	2.6
20140325	4.2
20140326	NA
20140327	6.1
20140328	8.4
20140329	7.2
20140330	5
20140331	7.3
20140401	6.5
20140402	4.3
20140403	4.6
20140404	6.1
20140405	5.4
20140406	5.3
20140407	6.1
20140408	4.9
20140409	1.8
20140410	6.6
20140411	7.1
20140412	6.4
20140413	4.3
20140414	2.4
20140415	0.9
20140416	NA
20140417	7.2
20140418	5.5
20140419	6.1
20140420	0
20140421	5.7
20140422	4.1
20140423	0.1
20140424	7.1
20140425	4.9
20140426	5.7
20140427	7.4
20140428	7
20140429	0
20140430	1.6
20140501	5.3
20140502	0.3
20140503	3.9
20140504	1.9
20140505	7.4
20140506	3.6
20140507	7.6
20140508	5
20140509	6.4
20140510	8.4
20140511	8.3
20140512	2.4
20140513	2.7
20140514	0.8
20140515	0
20140516	3.9
20140517	0.1
20140518	5.8
20140519	0
20140520	0
20140521	8.2
20140522	0
20140523	0.6
20140524	5.3
20140525	5.7
20140526	1.9
20140527	6.9
20140528	2.6
20140529	0
20140530	2.9
20140531	2.2
20140601	4.3
20140602	2.8
20140603	2.8
20140604	7.1
20140605	6.7
20140606	NA
20140607	0
20140608	6.7
20140609	NA
20140610	8
20140611	9.2
20140612	NA
20140613	0.9
20140614	2.5
20140615	7
20140616	5.8
20140617	7.3
20140618	7.9
20140619	4.9
20140620	5.8
20140621	8.5
20140622	6.3
20140623	1.8
20140624	2.9
20140625	1
20140626	NA
20140627	6.9
20140628	8.7
20140629	7.3
20140630	3.3
