Date	Value
20050101	0
20050102	0
20050103	0
20050104	0
20050105	0
20050106	0
20050107	0
20050108	0
20050109	20
20050110	3
20050111	0
20050112	0
20050113	0
20050114	18.8
20050115	0
20050116	8
20050117	11.3
20050118	0
20050119	1.5
20050120	0.9
20050121	1
20050122	0
20050123	0
20050124	24.6
20050125	8.9
20050126	1.2
20050127	0
20050128	0
20050129	1.5
20050130	0
20050131	NA
20050201	0
20050202	0.7
20050203	0.4
20050204	0.3
20050205	2.8
20050206	10
20050207	1.5
20050208	0
20050209	0
20050210	1.3
20050211	6
20050212	0
20050213	3.7
20050214	1
20050215	0
20050216	0
20050217	0
20050218	49
20050219	0
20050220	1.5
20050221	0
20050222	0
20050223	0
20050224	0
20050225	0
20050226	0
20050227	0
20050228	0.3
20050301	0
20050302	2
20050303	2.3
20050304	7
20050305	9.5
20050306	16
20050307	0
20050308	0
20050309	0
20050310	0
20050311	14.8
20050312	0
20050313	0
20050314	0
20050315	0
20050316	0
20050317	0
20050318	0
20050319	0
20050320	0
20050321	0
20050322	0
20050323	1.6
20050324	1.3
20050325	0
20050326	14.2
20050327	0
20050328	2.3
20050329	0
20050330	0
20050331	0.2
20050401	0.5
20050402	53.7
20050403	16.5
20050404	0.3
20050405	10.3
20050406	26.5
20050407	3.8
20050408	8.3
20050409	0
20050410	48
20050411	0
20050412	3.3
20050413	0.1
20050414	87
20050415	64.1
20050416	8.2
20050417	0
20050418	3.3
20050419	4.8
20050420	0
20050421	0.4
20050422	0
20050423	0
20050424	0
20050425	0
20050426	0
20050427	22
20050428	0
20050429	12.5
20050430	5
20050501	7.9
20050502	0.6
20050503	0
20050504	0
20050505	60
20050506	2
20050507	14.4
20050508	0
20050509	0
20050510	1.6
20050511	13.4
20050512	6.2
20050513	115
20050514	0
20050515	5.5
20050516	44
20050517	0.4
20050518	0
20050519	0
20050520	1.5
20050521	0
20050522	18.7
20050523	1.8
20050524	0
20050525	0.3
20050526	34
20050527	15.2
20050528	0
20050529	34
20050530	NA
20050531	11.2
20050601	24.3
20050602	1.5
20050603	0
20050604	13.2
20050605	12.3
20050606	6.7
20050607	0.3
20050608	2.1
20050609	22.2
20050610	3
20050611	2.9
20050612	2.8
20050613	4.9
20050614	1.5
20050615	0
20050616	37.6
20050617	9.5
20050618	7
20050619	27.9
20050620	3.4
20050621	43.5
20050622	1
20050623	0.3
20050624	36.1
20050625	0
20050626	1.8
20050627	3.8
20050628	9.7
20050629	10.4
20050630	0
20050701	0
20050702	1.5
20050703	0
20050704	28.1
20050705	2.2
20050706	0
20050707	0
20050708	14.5
20050709	0.6
20050710	6.7
20050711	44
20050712	3.5
20050713	0
20050714	63
20050715	0.8
20050716	3.3
20050717	8.9
20050718	61.8
20050719	7.8
20050720	55
20050721	8.8
20050722	13.5
20050723	3.8
20050724	3
20050725	0
20050726	0
20050727	27.7
20050728	0
20050729	13.4
20050730	0.3
20050731	36
20050801	13
20050802	0.3
20050803	1.1
20050804	0
20050805	0
20050806	0
20050807	1.1
20050808	2.7
20050809	0
20050810	9
20050811	1.9
20050812	14.2
20050813	1
20050814	16.2
20050815	20.7
20050816	0
20050817	43
20050818	0
20050819	0
20050820	21.5
20050821	0
20050822	0
20050823	6.5
20050824	6.2
20050825	33.6
20050826	0
20050827	70.5
20050828	0
20050829	0
20050830	27.3
20050831	0
20050901	0
20050902	2.4
20050903	3.2
20050904	0
20050905	0
20050906	0
20050907	28.2
20050908	13
20050909	0
20050910	1.4
20050911	65
20050912	14.2
20050913	0
20050914	7.5
20050915	0.9
20050916	87
20050917	0
20050918	44
20050919	0.4
20050920	0
20050921	0
20050922	54
20050923	7
20050924	0.6
20050925	0
20050926	0
20050927	1.1
20050928	0.4
20050929	0.3
20050930	76
20051001	2.3
20051002	0.2
20051003	18.9
20051004	0.3
20051005	0.1
20051006	0
20051007	1.5
20051008	4.7
20051009	4
20051010	0
20051011	0
20051012	0
20051013	0.2
20051014	0.5
20051015	0.9
20051016	0.3
20051017	50
20051018	9
20051019	46
20051020	0.6
20051021	0
20051022	1
20051023	0
20051024	16.9
20051025	3.8
20051026	0
20051027	0.5
20051028	6.7
20051029	32.5
20051030	0
20051031	4.2
20051101	0
20051102	22.7
20051103	0.5
20051104	4.8
20051105	1.2
20051106	1.1
20051107	0.2
20051108	0.5
20051109	0
20051110	7.3
20051111	24.5
20051112	3.8
20051113	9.2
20051114	0
20051115	0
20051116	0
20051117	0
20051118	0.2
20051119	6.4
20051120	0
20051121	0
20051122	3.6
20051123	1.4
20051124	8.1
20051125	4.7
20051126	0
20051127	0
20051128	0
20051129	0
20051130	0.7
20051201	0
20051202	0
20051203	0
20051204	0
20051205	0
20051206	4.2
20051207	9.2
20051208	0
20051209	0
20051210	0.4
20051211	0
20051212	19.5
20051213	18.1
20051214	0
20051215	0
20051216	0
20051217	0
20051218	0
20051219	3.1
20051220	3.5
20051221	0
20051222	0
20051223	6.9
20051224	0.9
20051225	0
20051226	0
20051227	0
20051228	0
20051229	0
20051230	0
20051231	3.5
20060101	0
20060102	0
20060103	0
20060104	58
20060105	15.1
20060106	4.9
20060107	10.5
20060108	2.3
20060109	0
20060110	0
20060111	0
20060112	0
20060113	2.5
20060114	8
20060115	0
20060116	0
20060117	1
20060118	0
20060119	0
20060120	0
20060121	0
20060122	0
20060123	4
20060124	38
20060125	0.4
20060126	0.4
20060127	5.1
20060128	0
20060129	0
20060130	0.4
20060131	0.3
20060201	7.7
20060202	0
20060203	0
20060204	1.6
20060205	0
20060206	0
20060207	0
20060208	2.7
20060209	0
20060210	0
20060211	0
20060212	3.7
20060213	1.5
20060214	0
20060215	0
20060216	0
20060217	0
20060218	0
20060219	0
20060220	0
20060221	0
20060222	0
20060223	0
20060224	0
20060225	0
20060226	0
20060227	1.5
20060228	4.4
20060301	0
20060302	0
20060303	0.1
20060304	0
20060305	0.5
20060306	18.6
20060307	3.3
20060308	16
20060309	0
20060310	0
20060311	0.5
20060312	0
20060313	0
20060314	0
20060315	0
20060316	0.2
20060317	77.5
20060318	1.1
20060319	2
20060320	0
20060321	0
20060322	1.3
20060323	22
20060324	2.4
20060325	1.1
20060326	40
20060327	77
20060328	0.1
20060329	2
20060330	0
20060331	0
20060401	0.6
20060402	0.6
20060403	3
20060404	13.5
20060405	0
20060406	3
20060407	0.6
20060408	38.5
20060409	0.2
20060410	4.8
20060411	25.4
20060412	7.8
20060413	16.2
20060414	0
20060415	0
20060416	1.1
20060417	0.5
20060418	4
20060419	0
20060420	0
20060421	0
20060422	9.6
20060423	0
20060424	0
20060425	0
20060426	12.3
20060427	0.3
20060428	0
20060429	1.9
20060430	1
20060501	75
20060502	4.5
20060503	8.5
20060504	1.1
20060505	8.5
20060506	3
20060507	8.4
20060508	33
20060509	0.9
20060510	0
20060511	0.4
20060512	0
20060513	0.4
20060514	16
20060515	14
20060516	4.2
20060517	27.1
20060518	31
20060519	0
20060520	0
20060521	0
20060522	23.8
20060523	0
20060524	4.6
20060525	5.2
20060526	2.6
20060527	0.7
20060528	125
20060529	2.8
20060530	1
20060531	0.5
20060601	1.5
20060602	13.6
20060603	7
20060604	16.6
20060605	0
20060606	0.5
20060607	7.5
20060608	0
20060609	23
20060610	0
20060611	0
20060612	9.6
20060613	10.9
20060614	0
20060615	8.7
20060616	0
20060617	83.5
20060618	0
20060619	0.5
20060620	31.5
20060621	0
20060622	3.2
20060623	0
20060624	0
20060625	24.2
20060626	0
20060627	5.3
20060628	0
20060629	2.5
20060630	0
20060701	1.4
20060702	1.1
20060703	12
20060704	27.2
20060705	0
20060706	0
20060707	32.5
20060708	148.4
20060709	0.3
20060710	18.2
20060711	0
20060712	34.4
20060713	0.5
20060714	0
20060715	30
20060716	1
20060717	15
20060718	1
20060719	11.9
20060720	0
20060721	63.6
20060722	4
20060723	10.5
20060724	0
20060725	7.5
20060726	12.8
20060727	1.4
20060728	1.9
20060729	42.2
20060730	0
20060731	NA
20060801	51
20060802	0.4
20060803	0
20060804	10
20060805	0
20060806	27.5
20060807	5.2
20060808	2.2
20060809	2.7
20060810	19.7
20060811	1.5
20060812	0
20060813	2.7
20060814	0
20060815	7.5
20060816	3.5
20060817	1.8
20060818	19.5
20060819	11.5
20060820	33.9
20060821	0
20060822	59
20060823	11.9
20060824	0
20060825	6.3
20060826	1
20060827	0
20060828	0.4
20060829	22.9
20060830	0
20060831	33.4
20060901	0.3
20060902	0.2
20060903	6.3
20060904	0
20060905	0
20060906	11.1
20060907	9.1
20060908	0
20060909	8.5
20060910	0.8
20060911	9.1
20060912	2.5
20060913	29
20060914	0
20060915	45.1
20060916	4
20060917	16.6
20060918	92
20060919	2.5
20060920	0
20060921	17.3
20060922	0.8
20060923	1.4
20060924	0
20060925	0.4
20060926	0.2
20060927	0
20060928	15.6
20060929	0
20060930	0
20061001	1
20061002	6.7
20061003	2
20061004	37.5
20061005	7.6
20061006	0.4
20061007	18
20061008	0
20061009	4
20061010	6.8
20061011	21.4
20061012	0
20061013	0
20061014	0
20061015	0
20061016	0.5
20061017	0
20061018	0
20061019	0
20061020	0
20061021	7.6
20061022	0.3
20061023	0.5
20061024	0
20061025	4.9
20061026	0
20061027	0.5
20061028	7.8
20061029	0.6
20061030	7.3
20061031	0
20061101	0
20061102	0
20061103	0
20061104	0
20061105	1.1
20061106	1.1
20061107	0
20061108	1.5
20061109	0
20061110	7.9
20061111	1.1
20061112	0
20061113	0.2
20061114	1.5
20061115	0
20061116	32.9
20061117	0.5
20061118	38.5
20061119	0.8
20061120	0
20061121	15.9
20061122	9.3
20061123	0
20061124	1.2
20061125	7.6
20061126	1.2
20061127	0
20061128	7.8
20061129	0.3
20061130	0
20061201	0.9
20061202	0
20061203	0
20061204	4.4
20061205	0.6
20061206	0
20061207	0
20061208	0.4
20061209	5.3
20061210	0
20061211	0.8
20061212	5.7
20061213	0
20061214	0
20061215	0
20061216	0
20061217	0
20061218	0
20061219	0
20061220	0
20061221	0
20061222	0.2
20061223	2.3
20061224	1.4
20061225	9.5
20061226	4.4
20061227	5.2
20061228	2.6
20061229	1.2
20061230	0
20061231	0.3
20070101	0
20070102	0
20070103	0.4
20070104	0.3
20070105	0
20070106	0
20070107	0
20070108	5.5
20070109	0
20070110	0.1
20070111	1.2
20070112	0
20070113	0
20070114	0
20070115	0
20070116	0
20070117	0
20070118	0
20070119	0
20070120	0
20070121	0
20070122	0
20070123	0
20070124	0
20070125	0
20070126	6.9
20070127	0
20070128	0
20070129	0
20070130	2.9
20070131	0.2
20070201	0
20070202	0
20070203	0
20070204	0
20070205	0
20070206	0
20070207	0
20070208	0
20070209	0
20070210	0
20070211	0
20070212	0
20070213	0
20070214	0
20070215	16
20070216	0
20070217	1.7
20070218	4.7
20070219	0
20070220	0
20070221	0
20070222	0
20070223	0
20070224	0.4
20070225	0
20070226	0
20070227	0
20070228	0
20070301	0
20070302	0
20070303	0
20070304	0.6
20070305	2.4
20070306	25.6
20070307	29
20070308	4
20070309	0
20070310	0
20070311	0
20070312	0
20070313	0
20070314	0
20070315	0
20070316	0.5
20070317	2.3
20070318	1.7
20070319	0
20070320	0
20070321	0
20070322	0.3
20070323	3.5
20070324	1.7
20070325	0
20070326	0.9
20070327	2.9
20070328	2.2
20070329	0
20070330	37.4
20070331	17.4
20070401	1
20070402	1.5
20070403	1.6
20070404	9.4
20070405	5.3
20070406	30.5
20070407	11.2
20070408	3
20070409	0
20070410	0.6
20070411	10
20070412	13.7
20070413	0
20070414	0.3
20070415	0
20070416	0.2
20070417	4
20070418	26.7
20070419	23.5
20070420	33
20070421	0.5
20070422	0.8
20070423	63.8
20070424	4.5
20070425	7.5
20070426	17.3
20070427	0
20070428	0.2
20070429	0.5
20070430	4.8
20070501	2.5
20070502	1.9
20070503	15.5
20070504	0.4
20070505	30
20070506	21.1
20070507	0.4
20070508	0.9
20070509	7.6
20070510	0.2
20070511	45
20070512	0.3
20070513	0.2
20070514	0
20070515	30
20070516	1.6
20070517	0
20070518	7.4
20070519	47.8
20070520	53.9
20070521	11.2
20070522	12.3
20070523	0.5
20070524	3.4
20070525	0.7
20070526	0
20070527	47.7
20070528	0
20070529	0.5
20070530	3.3
20070531	35.1
20070601	0.2
20070602	3.5
20070603	0.4
20070604	0
20070605	0.3
20070606	16.1
20070607	51
20070608	8.6
20070609	0
20070610	60.2
20070611	5.6
20070612	0
20070613	0
20070614	77.5
20070615	1.7
20070616	41.4
20070617	14
20070618	0
20070619	28.7
20070620	4.5
20070621	32.8
20070622	11.2
20070623	19
20070624	1.4
20070625	65
20070626	10.9
20070627	0
20070628	18
20070629	16.2
20070630	13
20070701	11.7
20070702	0.2
20070703	7
20070704	21.7
20070705	31.9
20070706	8.5
20070707	20.7
20070708	23.6
20070709	0
20070710	54
20070711	16.5
20070712	1.6
20070713	0.8
20070714	0
20070715	13.8
20070716	3.1
20070717	12.4
20070718	1.8
20070719	0
20070720	15.5
20070721	0
20070722	1.5
20070723	0.4
20070724	0.5
20070725	30.8
20070726	0.4
20070727	0.9
20070728	0
20070729	17.1
20070730	4.4
20070731	0.4
20070801	7.1
20070802	17.1
20070803	64.1
20070804	4.9
20070805	0
20070806	0.2
20070807	6
20070808	2.2
20070809	5.5
20070810	9.6
20070811	0
20070812	31
20070813	0.5
20070814	0
20070815	2.3
20070816	6.5
20070817	3.5
20070818	16
20070819	61
20070820	0.5
20070821	67.8
20070822	16.8
20070823	0
20070824	0.8
20070825	0
20070826	0
20070827	0
20070828	14.5
20070829	0
20070830	7.9
20070831	2.7
20070901	11.5
20070902	0.8
20070903	24.1
20070904	14.6
20070905	0
20070906	0.5
20070907	3.4
20070908	2.6
20070909	0.6
20070910	2.1
20070911	2.1
20070912	0.8
20070913	36.4
20070914	34
20070915	2
20070916	16.4
20070917	2.1
20070918	0
20070919	0
20070920	45.7
20070921	0
20070922	2.2
20070923	0
20070924	5.4
20070925	2
20070926	1.5
20070927	0.5
20070928	12.2
20070929	0
20070930	52.6
20071001	0.9
20071002	0.8
20071003	0.7
20071004	41
20071005	1.7
20071006	2.3
20071007	43.6
20071008	4.2
20071009	1.2
20071010	87.1
20071011	0.2
20071012	1.2
20071013	8.2
20071014	2.4
20071015	31.1
20071016	36.9
20071017	0
20071018	0
20071019	0.3
20071020	0.4
20071021	0.2
20071022	12.6
20071023	2.3
20071024	0.7
20071025	0
20071026	7.2
20071027	2.2
20071028	0
20071029	0
20071030	0
20071031	3.2
20071101	0
20071102	0
20071103	1.1
20071104	3.8
20071105	0
20071106	6.1
20071107	8.1
20071108	56.8
20071109	1
20071110	21
20071111	0.5
20071112	0.1
20071113	11.1
20071114	1.7
20071115	0.4
20071116	1.7
20071117	0
20071118	0.4
20071119	13.3
20071120	2.8
20071121	0
20071122	0
20071123	19.6
20071124	0
20071125	2.7
20071126	17.5
20071127	0
20071128	0
20071129	14.6
20071130	0.2
20071201	0
20071202	0
20071203	0.4
20071204	0.3
20071205	0
20071206	0
20071207	1.4
20071208	0
20071209	0
20071210	0
20071211	0
20071212	19.7
20071213	0
20071214	0
20071215	0
20071216	1.5
20071217	34.6
20071218	6.6
20071219	0.5
20071220	0
20071221	0
20071222	0.5
20071223	0
20071224	35.2
20071225	7.4
20071226	1.1
20071227	0
20071228	0.5
20071229	1.1
20071230	0
20071231	0
20080101	NA
20080102	NA
20080103	NA
20080104	NA
20080105	NA
20080106	NA
20080107	NA
20080108	NA
20080109	NA
20080110	NA
20080111	NA
20080112	NA
20080113	NA
20080114	NA
20080115	NA
20080116	NA
20080117	NA
20080118	NA
20080119	NA
20080120	NA
20080121	NA
20080122	NA
20080123	NA
20080124	NA
20080125	NA
20080126	NA
20080127	NA
20080128	NA
20080129	NA
20080130	NA
20080131	NA
20080201	0
20080202	0
20080203	0
20080204	0
20080205	0
20080206	3.5
20080207	0.1
20080208	0.6
20080209	0.5
20080210	0.4
20080211	0.8
20080212	0
20080213	5.2
20080214	4.1
20080215	14.6
20080216	0
20080217	0.3
20080218	10
20080219	17
20080220	0
20080221	1.3
20080222	28.5
20080223	0
20080224	2.4
20080225	0
20080226	0
20080227	0.2
20080228	14.3
20080229	0
20080301	0.5
20080302	0
20080303	0
20080304	0
20080305	14
20080306	0
20080307	0
20080308	0
20080309	0.4
20080310	0
20080311	7.6
20080312	0
20080313	2
20080314	4
20080315	2.5
20080316	0
20080317	1.4
20080318	9.4
20080319	0
20080320	0
20080321	0
20080322	1.2
20080323	0.1
20080324	10.7
20080325	3.6
20080326	0
20080327	2.7
20080328	1.8
20080329	0
20080330	1.2
20080331	1.3
20080401	3.5
20080402	0
20080403	0
20080404	22.6
20080405	19
20080406	0.3
20080407	0
20080408	0
20080409	0
20080410	0
20080411	0
20080412	0
20080413	0
20080414	7.6
20080415	2.1
20080416	0.3
20080417	0
20080418	3.2
20080419	4.8
20080420	3.3
20080421	0
20080422	30.6
20080423	10.4
20080424	5.1
20080425	8.8
20080426	5.6
20080427	3
20080428	2
20080429	0.3
20080430	17.5
20080501	0.9
20080502	7.6
20080503	0
20080504	14.7
20080505	1.4
20080506	1.5
20080507	11
20080508	2.5
20080509	1.5
20080510	0.7
20080511	3.8
20080512	7.8
20080513	4.3
20080514	7.6
20080515	0.5
20080516	16.8
20080517	11.9
20080518	9
20080519	7
20080520	1.7
20080521	7.9
20080522	11.6
20080523	0
20080524	0
20080525	8
20080526	46
20080527	5.5
20080528	11.5
20080529	0
20080530	0
20080531	0.4
20080601	0.4
20080602	40.8
20080603	5.7
20080604	0
20080605	9.7
20080606	8.9
20080607	8.7
20080608	0
20080609	25.6
20080610	3.1
20080611	0
20080612	43.4
20080613	4.4
20080614	2.4
20080615	0.2
20080616	41.5
20080617	46.5
20080618	0.8
20080619	0
20080620	3.2
20080621	1.1
20080622	2.2
20080623	16.1
20080624	82.2
20080625	1
20080626	0
20080627	11
20080628	35.5
20080629	4.1
20080630	0
20080701	0.5
20080702	7
20080703	18.2
20080704	2.3
20080705	11.2
20080706	1.7
20080707	0
20080708	0.2
20080709	7.5
20080710	0
20080711	44.1
20080712	0.3
20080713	0
20080714	0.1
20080715	1.2
20080716	0
20080717	0
20080718	0
20080719	8.5
20080720	0.4
20080721	1
20080722	0
20080723	0
20080724	25.1
20080725	19.1
20080726	0
20080727	37.5
20080728	1.1
20080729	4.5
20080730	0
20080731	0
20080801	0.5
20080802	2
20080803	2.8
20080804	62
20080805	0
20080806	15.6
20080807	0
20080808	37.5
20080809	13.5
20080810	2.8
20080811	0
20080812	4.7
20080813	32.2
20080814	0
20080815	0
20080816	2
20080817	0.9
20080818	0.4
20080819	0.3
20080820	25.8
20080821	0
20080822	20
20080823	0.4
20080824	25.5
20080825	17.6
20080826	3.4
20080827	7.5
20080828	12.5
20080829	2.3
20080830	1.2
20080831	0.6
20080901	3.7
20080902	0.9
20080903	0
20080904	0
20080905	0
20080906	0
20080907	9.2
20080908	0
20080909	10
20080910	0
20080911	11.5
20080912	0
20080913	1.1
20080914	13.6
20080915	6.7
20080916	10.6
20080917	0
20080918	0.8
20080919	3.6
20080920	8.8
20080921	0
20080922	41
20080923	0
20080924	23.6
20080925	32.9
20080926	8
20080927	14.3
20080928	0
20080929	18
20080930	23.5
20081001	0
20081002	2.4
20081003	0
20081004	7.6
20081005	0.1
20081006	88.2
20081007	51.6
20081008	2.3
20081009	38.4
20081010	0.5
20081011	0
20081012	0.5
20081013	0
20081014	0
20081015	0
20081016	0
20081017	55
20081018	7.3
20081019	0
20081020	0.3
20081021	0.7
20081022	0
20081023	0.4
20081024	0
20081025	0.2
20081026	0.3
20081027	5
20081028	0.2
20081029	2.4
20081030	0.5
20081031	2.9
20081101	0
20081102	0.4
20081103	6.1
20081104	0
20081105	6.5
20081106	0
20081107	5.3
20081108	1
20081109	0
20081110	0.4
20081111	0
20081112	0
20081113	0.2
20081114	0
20081115	0
20081116	2.1
20081117	1.7
20081118	5.5
20081119	13.4
20081120	5.6
20081121	0.2
20081122	66.2
20081123	0
20081124	1.4
20081125	1.7
20081126	6.9
20081127	2.6
20081128	0
20081129	0.4
20081130	18.2
20081201	6.4
20081202	0
20081203	0
20081204	3
20081205	0
20081206	3.5
20081207	1.1
20081208	0
20081209	0
20081210	0
20081211	0.5
20081212	3.9
20081213	0
20081214	0
20081215	0.4
20081216	0
20081217	0
20081218	0
20081219	0
20081220	2.8
20081221	0.5
20081222	2.9
20081223	0
20081224	0
20081225	0
20081226	3.3
20081227	0
20081228	0
20081229	0
20081230	0
20081231	0
20090101	0
20090102	0
20090103	0
20090104	0
20090105	0
20090106	1
20090107	0
20090108	0
20090109	7.3
20090110	12.6
20090111	0.5
20090112	0
20090113	0
20090114	0
20090115	3.8
20090116	0.2
20090117	6.5
20090118	0
20090119	0.4
20090120	56.4
20090121	5.4
20090122	9
20090123	0.8
20090124	0
20090125	0.3
20090126	0
20090127	0
20090128	0.1
20090129	0
20090130	11.1
20090131	14
20090201	0.3
20090202	18.6
20090203	0
20090204	19
20090205	0.1
20090206	0
20090207	0
20090208	0
20090209	0
20090210	0
20090211	0
20090212	0
20090213	0.5
20090214	0
20090215	0
20090216	0
20090217	0
20090218	1
20090219	0
20090220	7.9
20090221	0
20090222	0.6
20090223	0
20090224	1.9
20090225	0.3
20090226	0
20090227	0.3
20090228	NA
20090301	3.4
20090302	0.4
20090303	1
20090304	0.5
20090305	0
20090306	0
20090307	0.9
20090308	0
20090309	0
20090310	0
20090311	0
20090312	0
20090313	0
20090314	0
20090315	0
20090316	0.9
20090317	6.7
20090318	11.2
20090319	8.8
20090320	2.2
20090321	6.8
20090322	1.2
20090323	0.4
20090324	0
20090325	0
20090326	0
20090327	0
20090328	24
20090329	0
20090330	NA
20090331	NA
20090401	5.3
20090402	0
20090403	0
20090404	0
20090405	0
20090406	0
20090407	2
20090408	0
20090409	15.3
20090410	0
20090411	0
20090412	8.1
20090413	0
20090414	0.4
20090415	0
20090416	0.2
20090417	55.7
20090418	14.5
20090419	0.4
20090420	115
20090421	0
20090422	74
20090423	46.2
20090424	0.3
20090425	4.5
20090426	1.8
20090427	0
20090428	0
20090429	0
20090430	23
20090501	0.5
20090502	2.3
20090503	1
20090504	2.6
20090505	14.9
20090506	0
20090507	5
20090508	3.2
20090509	0
20090510	9.2
20090511	1.4
20090512	30
20090513	1
20090514	13.4
20090515	0
20090516	0
20090517	0
20090518	45.8
20090519	19.5
20090520	8.2
20090521	1.5
20090522	0.4
20090523	75.5
20090524	0.6
20090525	43.3
20090526	0
20090527	0.8
20090528	0
20090529	0
20090530	0.1
20090531	10.8
20090601	1.5
20090602	50.9
20090603	7.9
20090604	11.3
20090605	37
20090606	67
20090607	1
20090608	25.7
20090609	9.6
20090610	0
20090611	0
20090612	125
20090613	1
20090614	0
20090615	0
20090616	40
20090617	0
20090618	16
20090619	0.6
20090620	0
20090621	4.8
20090622	3.1
20090623	30.1
20090624	46.3
20090625	0
20090626	15.5
20090627	6.3
20090628	28.2
20090629	0.3
20090630	0
20090701	1.8
20090702	95
20090703	33.8
20090704	1.5
20090705	1.6
20090706	1.8
20090707	6
20090708	20.4
20090709	0
20090710	3.9
20090711	9
20090712	0
20090713	23
20090714	14.2
20090715	0
20090716	5.1
20090717	24
20090718	21.3
20090719	69.4
20090720	1.7
20090721	12
20090722	0
20090723	0
20090724	41.4
20090725	0
20090726	0
20090727	17.2
20090728	0
20090729	6.3
20090730	103.2
20090731	25.3
20090801	0
20090802	2.5
20090803	3.6
20090804	0
20090805	0
20090806	32
20090807	1.5
20090808	4.4
20090809	14
20090810	0
20090811	51.5
20090812	7
20090813	0
20090814	2.8
20090815	0.8
20090816	0
20090817	0.2
20090818	0.6
20090819	3
20090820	1.4
20090821	1.3
20090822	0.1
20090823	3.2
20090824	14
20090825	0
20090826	9.9
20090827	7.8
20090828	6.5
20090829	0
20090830	1.5
20090831	5.8
20090901	6.6
20090902	0
20090903	5.2
20090904	0
20090905	0
20090906	0
20090907	12.6
20090908	2
20090909	0.8
20090910	0
20090911	13.9
20090912	1.3
20090913	0
20090914	3.8
20090915	18.7
20090916	1.1
20090917	0
20090918	0
20090919	1.8
20090920	1
20090921	0
20090922	0
20090923	0
20090924	0
20090925	9.3
20090926	0.7
20090927	0
20090928	3.7
20090929	0.1
20090930	3.9
20091001	0
20091002	10
20091003	13
20091004	0.6
20091005	0
20091006	0.5
20091007	2
20091008	1.4
20091009	0
20091010	21.4
20091011	5.3
20091012	0
20091013	0.5
20091014	0
20091015	2.2
20091016	0
20091017	3.4
20091018	0
20091019	0
20091020	0
20091021	0
20091022	0
20091023	4.3
20091024	1.1
20091025	0
20091026	4.9
20091027	0
20091028	17.6
20091029	8.7
20091030	0
20091031	0.6
20091101	0.1
20091102	0
20091103	0
20091104	0
20091105	0
20091106	1.4
20091107	0.6
20091108	11.6
20091109	0
20091110	0
20091111	0.8
20091112	0
20091113	5.6
20091114	0.6
20091115	21.9
20091116	4
20091117	0
20091118	0
20091119	0.1
20091120	0
20091121	32.2
20091122	2.6
20091123	3
20091124	0
20091125	9.5
20091126	0
20091127	17.4
20091128	0.5
20091129	3.6
20091130	0
20091201	0
20091202	0
20091203	0
20091204	0
20091205	0
20091206	0
20091207	0
20091208	2.4
20091209	0
20091210	0
20091211	6.8
20091212	0
20091213	1.2
20091214	0
20091215	0
20091216	0
20091217	0.4
20091218	0
20091219	2.5
20091220	0
20091221	1.2
20091222	0
20091223	0
20091224	0.6
20091225	19.5
20091226	165.5
20091227	0
20091228	0.2
20091229	0
20091230	0
20091231	0
20100101	0
20100102	0
20100103	0
20100104	0
20100105	0
20100106	0
20100107	1
20100108	0
20100109	1.9
20100110	7.8
20100111	0
20100112	0
20100113	0
20100114	0
20100115	0.3
20100116	0
20100117	0
20100118	0
20100119	0
20100120	0
20100121	0
20100122	0
20100123	0
20100124	0
20100125	0.2
20100126	0
20100127	0
20100128	0
20100129	0
20100130	0
20100131	0
20100201	0
20100202	0
20100203	0
20100204	0
20100205	0
20100206	0
20100207	0
20100208	0
20100209	0
20100210	0
20100211	0
20100212	0
20100213	1.5
20100214	0
20100215	0
20100216	1
20100217	2.4
20100218	0
20100219	0
20100220	0
20100221	0
20100222	0
20100223	0
20100224	2.5
20100225	0
20100226	0
20100227	11.8
20100228	0
20100301	0
20100302	13.5
20100303	1.1
20100304	1.8
20100305	5.7
20100306	11.9
20100307	8.5
20100308	79.3
20100309	9.9
20100310	0.6
20100311	13
20100312	0
20100313	6.9
20100314	0.5
20100315	0.6
20100316	1.1
20100317	2
20100318	0
20100319	0
20100320	1.8
20100321	0
20100322	7.8
20100323	1.1
20100324	0
20100325	1.5
20100326	0
20100327	0.5
20100328	44
20100329	2.5
20100330	2.2
20100331	1.7
20100401	0
20100402	0
20100403	5.5
20100404	8.6
20100405	13.2
20100406	0
20100407	0
20100408	5.6
20100409	4
20100410	3.3
20100411	15.6
20100412	0
20100413	0
20100414	0.3
20100415	1.8
20100416	0
20100417	0
20100418	0
20100419	23.8
20100420	2.2
20100421	1
20100422	0.2
20100423	10.2
20100424	0.3
20100425	0.4
20100426	0
20100427	0
20100428	19.4
20100429	0.2
20100430	0
20100501	0
20100502	0
20100503	2
20100504	0
20100505	0
20100506	12.4
20100507	0.7
20100508	20.7
20100509	0
20100510	8.9
20100511	0
20100512	55.1
20100513	77.2
20100514	0.6
20100515	7.4
20100516	0.3
20100517	0
20100518	133.3
20100519	4.8
20100520	0
20100521	5.7
20100522	13
20100523	30.4
20100524	2.1
20100525	2.2
20100526	2.5
20100527	0.5
20100528	0
20100529	0
20100530	9.1
20100531	36.8
20100601	2
20100602	49.4
20100603	0.9
20100604	0
20100605	0
20100606	14
20100607	1.8
20100608	16.4
20100609	8.4
20100610	1.1
20100611	16.8
20100612	0.8
20100613	9.2
20100614	11.4
20100615	77.5
20100616	1
20100617	3
20100618	10.5
20100619	0.6
20100620	0
20100621	10.1
20100622	12.4
20100623	0
20100624	4
20100625	0
20100626	68.1
20100627	0
20100628	1.2
20100629	6.8
20100630	56.2
20100701	2
20100702	2.4
20100703	1.8
20100704	1
20100705	2
20100706	0
20100707	0
20100708	2.3
20100709	13.8
20100710	4.4
20100711	1.8
20100712	0.4
20100713	2.4
20100714	7.1
20100715	1.8
20100716	1.9
20100717	14.4
20100718	0
20100719	2.2
20100720	18.8
20100721	2.2
20100722	36.6
20100723	0.4
20100724	26
20100725	11.5
20100726	0.4
20100727	0
20100728	0.6
20100729	22.5
20100730	2.2
20100731	0
20100801	4
20100802	0
20100803	1.7
20100804	8.3
20100805	49.9
20100806	0.2
20100807	1.2
20100808	15
20100809	0.5
20100810	3.4
20100811	57
20100812	0
20100813	2.5
20100814	22.3
20100815	8.2
20100816	10.5
20100817	2.7
20100818	39.3
20100819	9.3
20100820	2.8
20100821	1.6
20100822	5.5
20100823	46.9
20100824	0
20100825	51.6
20100826	2.3
20100827	1.2
20100828	0.9
20100829	25.7
20100830	14.8
20100831	9.4
20100901	5.5
20100902	9.6
20100903	1.7
20100904	18.4
20100905	0
20100906	9.4
20100907	0.2
20100908	0
20100909	13.6
20100910	1.5
20100911	57.9
20100912	1.5
20100913	0
20100914	0
20100915	5.2
20100916	2.5
20100917	0.4
20100918	2.4
20100919	3
20100920	0
20100921	9.5
20100922	12.3
20100923	37.2
20100924	0.6
20100925	0
20100926	46
20100927	9.4
20100928	0
20100929	8.8
20100930	0
20101001	0
20101002	0.4
20101003	3.2
20101004	0
20101005	2.4
20101006	0
20101007	0
20101008	0
20101009	6.3
20101010	21.4
20101011	36.9
20101012	25.6
20101013	0
20101014	32.4
20101015	0.2
20101016	4
20101017	9.8
20101018	0.4
20101019	0
20101020	30
20101021	26.5
20101022	4.8
20101023	0.2
20101024	0
20101025	0
20101026	2.7
20101027	6
20101028	0
20101029	0
20101030	4.2
20101031	0
20101101	9.1
20101102	0.5
20101103	0
20101104	0
20101105	0.2
20101106	1.1
20101107	7.9
20101108	22.2
20101109	0
20101110	19.6
20101111	12.6
20101112	2.7
20101113	0.6
20101114	0
20101115	0
20101116	0.5
20101117	25.6
20101118	0
20101119	1.1
20101120	0
20101121	0
20101122	5.4
20101123	4
20101124	22.6
20101125	0
20101126	2.7
20101127	1
20101128	7
20101129	14
20101130	14.5
20101201	8.5
20101202	0.8
20101203	14.5
20101204	10.5
20101205	57.3
20101206	6.5
20101207	33.4
20101208	19.3
20101209	4
20101210	17.6
20101211	0
20101212	1.5
20101213	0.6
20101214	120.5
20101215	25.4
20101216	0.5
20101217	2.9
20101218	0.4
20101219	12.7
20101220	0
20101221	27.6
20101222	12.2
20101223	1.4
20101224	1
20101225	0.9
20101226	14.3
20101227	0.7
20101228	1.8
20101229	0
20101230	0
20101231	0
20110101	0
20110102	5.9
20110103	44.8
20110104	31.4
20110105	0
20110106	0
20110107	0.9
20110108	1.9
20110109	11.1
20110110	0.3
20110111	0
20110112	0
20110113	4.7
20110114	0
20110115	1.4
20110116	1.3
20110117	0
20110118	0
20110119	0
20110120	0
20110121	0
20110122	0
20110123	0
20110124	0
20110125	0
20110126	1.9
20110127	0.3
20110128	0
20110129	2.2
20110130	0
20110131	0
20110201	0
20110202	0
20110203	0
20110204	0
20110205	0
20110206	0
20110207	0
20110208	0
20110209	0
20110210	0
20110211	0
20110212	0
20110213	0
20110214	1.7
20110215	14.6
20110216	0.4
20110217	0
20110218	0.4
20110219	0.4
20110220	0
20110221	0
20110222	0
20110223	0
20110224	0
20110225	0.1
20110226	0.3
20110227	0
20110228	40.5
20110301	3.4
20110302	0.3
20110303	28.2
20110304	0
20110305	0
20110306	0
20110307	0
20110308	0
20110309	1.4
20110310	0
20110311	21
20110312	0
20110313	0
20110314	0
20110315	0
20110316	0
20110317	0
20110318	5.2
20110319	0.7
20110320	8.4
20110321	12
20110322	2.2
20110323	0
20110324	0
20110325	0
20110326	0
20110327	0
20110328	0.6
20110329	0
20110330	1.4
20110331	33.6
20110401	0.4
20110402	0
20110403	2
20110404	0
20110405	0
20110406	0
20110407	6.4
20110408	10.5
20110409	60.6
20110410	0
20110411	5
20110412	4.2
20110413	0.7
20110414	0
20110415	6.4
20110416	1.1
20110417	9.2
20110418	0
20110419	0
20110420	7.9
20110421	0
20110422	0
20110423	2.3
20110424	0
20110425	0
20110426	0.4
20110427	0.4
20110428	0
20110429	4.3
20110430	1.6
20110501	0
20110502	3.8
20110503	11.2
20110504	4
20110505	4.1
20110506	52
20110507	85
20110508	2.1
20110509	5.5
20110510	32
20110511	0
20110512	0.6
20110513	0.7
20110514	0
20110515	0
20110516	4.8
20110517	14.2
20110518	0
20110519	0
20110520	0
20110521	3.6
20110522	5.4
20110523	0
20110524	0
20110525	0.5
20110526	21.5
20110527	10.6
20110528	38.3
20110529	64
20110530	16.8
20110531	35.6
20110601	0.5
20110602	2.4
20110603	0
20110604	13
20110605	0
20110606	0.7
20110607	0
20110608	0
20110609	8.6
20110610	5.6
20110611	0
20110612	0.7
20110613	34.9
20110614	0
20110615	20
20110616	51
20110617	0.6
20110618	30
20110619	0
20110620	11.8
20110621	41.1
20110622	14.6
20110623	7
20110624	132
20110625	8.3
20110626	0
20110627	3.3
20110628	0
20110629	30.8
20110630	4.5
20110701	0.6
20110702	74
20110703	5.6
20110704	5
20110705	44.2
20110706	0
20110707	0
20110708	7.1
20110709	3.3
20110710	0.7
20110711	0.6
20110712	0.2
20110713	25.3
20110714	6.5
20110715	0
20110716	10.6
20110717	0
20110718	0.5
20110719	3.6
20110720	15.8
20110721	0
20110722	3
20110723	53.5
20110724	0
20110725	47.9
20110726	0
20110727	28
20110728	1.2
20110729	2.3
20110730	0
20110731	1
20110801	0
20110802	0.5
20110803	22.8
20110804	23.1
20110805	1.7
20110806	2
20110807	0
20110808	53.3
20110809	0
20110810	38
20110811	19.1
20110812	0.2
20110813	7.6
20110814	16.5
20110815	10.6
20110816	9.2
20110817	0
20110818	1.7
20110819	0
20110820	5.1
20110821	9.7
20110822	0
20110823	54.9
20110824	0.5
20110825	0
20110826	27.5
20110827	2.4
20110828	0
20110829	1.4
20110830	0
20110831	19
20110901	0
20110902	4
20110903	0
20110904	0.5
20110905	0
20110906	44.6
20110907	0.9
20110908	0.8
20110909	0
20110910	34.3
20110911	1.6
20110912	15.2
20110913	0
20110914	72.1
20110915	0
20110916	0
20110917	58.4
20110918	0.5
20110919	10.3
20110920	0
20110921	0
20110922	11.3
20110923	0
20110924	0
20110925	6.3
20110926	0
20110927	0
20110928	7.2
20110929	0
20110930	3.4
20111001	0
20111002	2.8
20111003	0
20111004	0
20111005	3.6
20111006	0
20111007	3.7
20111008	0
20111009	0
20111010	0
20111011	0
20111012	2
20111013	0
20111014	25.3
20111015	0.2
20111016	0
20111017	0
20111018	0
20111019	0
20111020	0
20111021	0
20111022	0
20111023	0
20111024	6.1
20111025	0
20111026	22.4
20111027	4.2
20111028	5.5
20111029	6.2
20111030	24.8
20111031	0
20111101	0
20111102	0
20111103	0
20111104	0.5
20111105	3.4
20111106	1.1
20111107	0
20111108	0
20111109	0
20111110	0
20111111	4.4
20111112	2.8
20111113	6.2
20111114	7
20111115	0
20111116	0
20111117	0
20111118	4.8
20111119	5.7
20111120	0
20111121	0
20111122	0
20111123	18.4
20111124	5
20111125	31.5
20111126	15.5
20111127	3.8
20111128	0
20111129	3.4
20111130	20
20111201	39.8
20111202	1.1
20111203	0
20111204	8.2
20111205	0
20111206	38.4
20111207	4.5
20111208	0
20111209	0.5
20111210	0
20111211	0
20111212	2.6
20111213	0.8
20111214	5.8
20111215	4.6
20111216	1
20111217	9.8
20111218	1.8
20111219	0.8
20111220	0
20111221	0
20111222	2.5
20111223	11.9
20111224	0
20111225	0
20111226	0
20111227	3.8
20111228	0
20111229	28.6
20111230	0
20111231	0.1
20120101	0
20120102	3.2
20120103	4.4
20120104	0
20120105	11.5
20120106	0
20120107	0
20120108	0
20120109	1.8
20120110	0.4
20120111	0
20120112	0
20120113	0.7
20120114	0
20120115	8.4
20120116	0
20120117	0
20120118	0
20120119	0
20120120	0
20120121	0
20120122	0
20120123	0
20120124	0
20120125	0
20120126	0
20120127	0
20120128	0.5
20120129	0
20120130	0
20120131	0
20120201	0.8
20120202	0
20120203	0
20120204	0.4
20120205	0.5
20120206	0
20120207	0
20120208	3.5
20120209	1.7
20120210	2.5
20120211	0
20120212	0
20120213	0
20120214	0
20120215	0
20120216	0
20120217	0
20120218	0
20120219	0
20120220	0.7
20120221	0
20120222	0
20120223	0
20120224	0
20120225	0
20120226	0
20120227	0
20120228	0
20120229	0
20120301	0
20120302	0.4
20120303	0
20120304	0
20120305	0.4
20120306	0
20120307	0
20120308	0
20120309	0
20120310	0
20120311	0
20120312	0
20120313	0.3
20120314	0
20120315	0
20120316	1.1
20120317	0
20120318	0
20120319	19
20120320	20.8
20120321	0
20120322	0
20120323	0
20120324	0
20120325	2.4
20120326	105
20120327	0
20120328	0
20120329	6.4
20120330	0
20120331	10.8
20120401	9.6
20120402	0.3
20120403	0.6
20120404	1.1
20120405	0
20120406	27.5
20120407	8.4
20120408	21.2
20120409	0
20120410	0
20120411	1.4
20120412	0
20120413	24.2
20120414	1.7
20120415	17.4
20120416	19.2
20120417	0
20120418	0.5
20120419	0
20120420	0
20120421	5.4
20120422	0.5
20120423	16.6
20120424	6.1
20120425	14.8
20120426	4.2
20120427	6.4
20120428	0.4
20120429	0
20120430	59
20120501	17
20120502	14.3
20120503	66.5
20120504	0
20120505	4.8
20120506	1
20120507	10.4
20120508	0
20120509	0
20120510	41.4
20120511	14
20120512	29.8
20120513	6.9
20120514	0
20120515	0.8
20120516	0.7
20120517	2.3
20120518	0
20120519	5.2
20120520	0
20120521	0
20120522	0
20120523	0
20120524	20.5
20120525	0.1
20120526	0.3
20120527	79.5
20120528	0
20120529	0
20120530	0
20120531	10
20120601	0.5
20120602	12.7
20120603	0
20120604	9.3
20120605	0
20120606	3.4
20120607	11.6
20120608	0.4
20120609	0
20120610	40
20120611	29.2
20120612	4.2
20120613	0
20120614	4.4
20120615	9.6
20120616	0.6
20120617	0
20120618	0
20120619	0
20120620	8.7
20120621	1
20120622	0
20120623	37
20120624	3.6
20120625	10
20120626	15.6
20120627	0
20120628	0
20120629	0.4
20120630	0.8
20120701	0
20120702	10.8
20120703	8.7
20120704	38.4
20120705	0
20120706	0.9
20120707	22.8
20120708	0
20120709	3.4
20120710	5
20120711	0
20120712	0
20120713	14.2
20120714	0
20120715	6.3
20120716	14.7
20120717	24.6
20120718	0
20120719	59.1
20120720	0
20120721	0
20120722	34
20120723	9.6
20120724	0
20120725	0
20120726	8
20120727	7.1
20120728	0
20120729	38
20120730	1.6
20120731	0
20120801	4.6
20120802	0.6
20120803	1.9
20120804	8.9
20120805	55.6
20120806	0.6
20120807	6.7
20120808	26.3
20120809	1.2
20120810	25.8
20120811	4.5
20120812	8.2
20120813	20.7
20120814	4.4
20120815	0
20120816	5.8
20120817	30
20120818	0
20120819	15
20120820	16.2
20120821	0.7
20120822	6
20120823	0.2
20120824	26.6
20120825	0.2
20120826	0
20120827	0
20120828	3.3
20120829	17.4
20120830	10
20120831	1.5
20120901	0
20120902	69.7
20120903	6.7
20120904	43.5
20120905	11
20120906	0
20120907	58
20120908	0.5
20120909	1.3
20120910	0
20120911	1.6
20120912	0.8
20120913	2.3
20120914	0
20120915	5.9
20120916	0.4
20120917	3.6
20120918	0
20120919	0
20120920	2.8
20120921	0
20120922	0
20120923	32.3
20120924	0
20120925	0
20120926	48.3
20120927	0.5
20120928	0.3
20120929	0.4
20120930	0
20121001	NA
20121002	NA
20121003	NA
20121004	NA
20121005	NA
20121006	NA
20121007	NA
20121008	NA
20121009	NA
20121010	NA
20121011	NA
20121012	NA
20121013	NA
20121014	NA
20121015	NA
20121016	NA
20121017	NA
20121018	NA
20121019	NA
20121020	NA
20121021	NA
20121022	NA
20121023	NA
20121024	NA
20121025	NA
20121026	NA
20121027	NA
20121028	NA
20121029	NA
20121030	NA
20121031	NA
20121101	NA
20121102	NA
20121103	NA
20121104	NA
20121105	NA
20121106	NA
20121107	NA
20121108	NA
20121109	NA
20121110	NA
20121111	NA
20121112	NA
20121113	NA
20121114	NA
20121115	NA
20121116	NA
20121117	NA
20121118	NA
20121119	NA
20121120	NA
20121121	NA
20121122	NA
20121123	NA
20121124	NA
20121125	NA
20121126	NA
20121127	NA
20121128	NA
20121129	NA
20121130	NA
20121201	NA
20121202	NA
20121203	NA
20121204	NA
20121205	NA
20121206	NA
20121207	NA
20121208	NA
20121209	NA
20121210	NA
20121211	NA
20121212	NA
20121213	NA
20121214	NA
20121215	NA
20121216	NA
20121217	NA
20121218	NA
20121219	NA
20121220	NA
20121221	NA
20121222	NA
20121223	NA
20121224	NA
20121225	NA
20121226	NA
20121227	NA
20121228	NA
20121229	NA
20121230	NA
20121231	NA
20130101	0.8
20130102	0
20130103	0
20130104	0
20130105	0
20130106	0
20130107	0
20130108	0
20130109	0
20130110	0
20130111	0
20130112	0
20130113	0
20130114	0
20130115	0
20130116	0
20130117	0
20130118	0
20130119	1.2
20130120	0
20130121	0.6
20130122	0
20130123	0.4
20130124	0
20130125	0
20130126	0.5
20130127	0
20130128	0
20130129	0
20130130	0
20130131	0.2
20130201	1
20130202	6
20130203	3.4
20130204	0
20130205	0
20130206	0
20130207	0
20130208	4.9
20130209	0
20130210	1.5
20130211	1.5
20130212	0
20130213	0
20130214	0
20130215	0
20130216	0
20130217	14.4
20130218	9.2
20130219	0
20130220	0
20130221	0
20130222	0
20130223	0
20130224	0
20130225	0
20130226	0
20130227	3.8
20130228	1.8
20130301	0.1
20130302	96.5
20130303	19.5
20130304	2.8
20130305	2
20130306	0
20130307	0.5
20130308	0
20130309	29.4
20130310	NA
20130311	2.1
20130312	2
20130313	6.4
20130314	20
20130315	2.5
20130316	3
20130317	0
20130318	0.4
20130319	2.8
20130320	0
20130321	0.5
20130322	0
20130323	0
20130324	0
20130325	2
20130326	11.5
20130327	67
20130328	0.7
20130329	19.8
20130330	1
20130331	0
20130401	0
20130402	0
20130403	0
20130404	0
20130405	0
20130406	0.4
20130407	7.7
20130408	2.5
20130409	6.5
20130410	0
20130411	11.4
20130412	23.8
20130413	0
20130414	0
20130415	0
20130416	0.5
20130417	7.5
20130418	7.5
20130419	5.5
20130420	0
20130421	0
20130422	5
20130423	1.3
20130424	2.2
20130425	16
20130426	19.7
20130427	9.5
20130428	0
20130429	0
20130430	0
20130501	0
20130502	10
20130503	2.3
20130504	13.3
20130505	6.6
20130506	0
20130507	0.4
20130508	25.7
20130509	0.4
20130510	0.9
20130511	3.8
20130512	0.1
20130513	0
20130514	70
20130515	3.1
20130516	0.5
20130517	0
20130518	68.6
20130519	0.8
20130520	0
20130521	17.7
20130522	25
20130523	0
20130524	0
20130525	0.3
20130526	20.8
20130527	16.2
20130528	3.6
20130529	29.4
20130530	0.3
20130531	0
20130601	0
20130602	32.5
20130603	22.4
20130604	0.9
20130605	0
20130606	0.5
20130607	8.8
20130608	0
20130609	57
20130610	2
20130611	9
20130612	10.5
20130613	59
20130614	11.8
20130615	0
20130616	3.4
20130617	3
20130618	0
20130619	8.5
20130620	4.5
20130621	0
20130622	0.6
20130623	12.4
20130624	6
20130625	0
20130626	0
20130627	50.9
20130628	6
20130629	0
20130630	5.8
20130701	0.3
20130702	2.6
20130703	0
20130704	8.1
20130705	0.9
20130706	5.5
20130707	18.3
20130708	1.6
20130709	10.5
20130710	5.3
20130711	0
20130712	0
20130713	0
20130714	0.8
20130715	0
20130716	1.3
20130717	0
20130718	2.2
20130719	0
20130720	59
20130721	4.4
20130722	0.5
20130723	0
20130724	0
20130725	68.8
20130726	9.3
20130727	0
20130728	31
20130729	24.3
20130730	1.5
20130731	0
20130801	0
20130802	0.6
20130803	32.7
20130804	0.7
20130805	0.3
20130806	2.6
20130807	9.5
20130808	4.7
20130809	0
20130810	49.2
20130811	0.3
20130812	0.7
20130813	0.1
20130814	0.4
20130815	27.1
20130816	16.8
20130817	0.5
20130818	9.4
20130819	2.5
20130820	5
20130821	19.6
20130822	0
20130823	3.2
20130824	13.4
20130825	0
20130826	1.8
20130827	15
20130828	0.5
20130829	20.5
20130830	1.2
20130831	70.1
20130901	0
20130902	0.9
20130903	0
20130904	0
20130905	93.5
20130906	1.3
20130907	0
20130908	2.3
20130909	0
20130910	0
20130911	1.6
20130912	28.3
20130913	0
20130914	6.4
20130915	12.5
20130916	1.3
20130917	2.4
20130918	0
20130919	5.8
20130920	3.4
20130921	18.7
20130922	0
20130923	0
20130924	0
20130925	4
20130926	2.4
20130927	12.7
20130928	2.9
20130929	2.1
20130930	0
20131001	0
20131002	68.5
20131003	0.8
20131004	0.1
20131005	0
20131006	67
20131007	2.5
20131008	66
20131009	4.2
20131010	61
20131011	0
20131012	0
20131013	0.7
20131014	0.4
20131015	0
20131016	4.4
20131017	33.4
20131018	0.8
20131019	0
20131020	13.8
20131021	4.3
20131022	0
20131023	3.3
20131024	1
20131025	4.5
20131026	1
20131027	0
20131028	30.8
20131029	5
20131030	0
20131031	0
20131101	0
20131102	0
20131103	5.6
20131104	7.4
20131105	0
20131106	15.6
20131107	42
20131108	0.5
20131109	0
20131110	0
20131111	10.1
20131112	48.5
20131113	2.4
20131114	0.3
20131115	0
20131116	0
20131117	0
20131118	0
20131119	0
20131120	0
20131121	0
20131122	18.3
20131123	0
20131124	0
20131125	1.7
20131126	0
20131127	0
20131128	11
20131129	6.2
20131130	0
20131201	0
20131202	1.6
20131203	15
20131204	1.8
20131205	7.3
20131206	0.9
20131207	0
20131208	9.7
20131209	1.7
20131210	3.7
20131211	0
20131212	6
20131213	9.2
20131214	7.3
20131215	0
20131216	0
20131217	3.4
20131218	0
20131219	0
20131220	0
20131221	0
20131222	0
20131223	0
20131224	1.2
20131225	10.7
20131226	0
20131227	0
20131228	0.5
20131229	0
20131230	0
20131231	0
