date	prec(mm/month)	tmin	tmax
19690101	7	22	28
19690201	13.7	23.4	29.1
19690301	0	25.4	30.8
19690401	8.7	27.8	32.8
19690501	41.5	27.8	36
19690601	1.7	27.5	37.9
19690701	18	27	36
19690801	20.3	26.1	33.8
19690901	6.6	26.1	34.9
19691001	356.7	24.5	30.6
19691101	503.1	24.1	29.8
19691201	843.1	23	27.6
19700101	58.7	23.1	28
19700201	113.9	24.4	29.3
19700301	0	25.8	31.2
19700401	73.1	27.3	32.7
19700501	72.7	27.2	35.8
19700601	39.5	26.7	35.9
19700701	58.3	26.3	35.4
19700801	72.9	25.7	34.3
19700901	114.1	25.7	33.4
19701001	103.3	25.2	31.8
19701101	1026	24	28.9
19701201	86.6	21.4	27.3
19710101	99.5	22.3	27.5
19710201	3.6	23.4	29.1
19710301	45.1	25.3	30.3
19710401	68.4	26.7	32.6
19710501	97.3	26.9	35.7
19710601	37.8	26.3	35.4
19710701	97.5	25.6	35.3
19710801	62.4	25.7	33.9
19710901	48.2	26.2	33.2
19711001	306.3	25	32.2
19711101	98.6	23.5	29
19711201	589.1	22	26.7
19720101	7.5	21.8	27.4
19720201	0	22.8	28.9
19720301	0	23.7	30.9
19720401	8.4	26.8	32.3
19720501	38.3	26.7	34.3
19720601	53.6	27.3	37.4
19720701	58.1	26.5	36.2
19720801	15	26.3	35.8
19720901	71.8	25.4	34.1
19721001	559.8	24.8	30.7
19721101	550.7	23.9	29.4
19721201	432.2	23.8	28.2
19730101	0	23.2	29
19730201	0.9	24.5	29.8
19730301	1.2	25.1	31.3
19730401	4.2	28.1	34.8
19730501	35.2	27.8	36.3
19730601	39.6	27.4	36.4
19730701	22.5	26.9	36.3
19730801	77.2	25.5	33.8
19730901	98.4	25.6	33.9
19731001	335.2	25.5	31.2
19731101	380.4	23.5	29.4
19731201	227.8	22.6	28.1
19740101	2.2	21.5	27.7
19740201	58.2	22.3	28.4
19740301	13.4	24.8	30.8
19740401	0.2	27.1	33.7
19740501	94.3	26.7	35.2
19740601	42.7	26.3	36.4
19740701	11.3	26.1	35.4
19740801	96.4	25.9	35.1
19740901	82.6	25.2	32.8
19741001	66.4	24.9	32.1
19741101	105.9	23.4	29.8
19741201	87.5	22.5	28
19750101	58.8	22.1	27.8
19750201	1.2	24	29.2
19750301	46.9	25.3	30.7
19750401	0	27.4	32.7
19750501	13	27.3	37.8
19750601	6.4	27.3	36.9
19750701	75.8	25.7	34.3
19750801	164	25.6	34.2
19750901	74	25.6	32.1
19751001	271.4	24.3	31.1
19751101	365.8	23.4	28.6
19751201	212	21.9	27.5
19760101	1.4	21.9	27.3
19760201	1.4	21.2	28
19760301	1.6	23.6	30.1
19760401	6	26.5	32.6
19760501	0.8	27.8	38.1
19760601	35.8	26.8	36.6
19760701	139.3	26.6	35.5
19760801	69.5	25.7	34.7
19760901	94.5	25.7	34
19761001	235.6	25.4	31.2
19761101	610.8	24.3	29.3
19761201	369.6	23.6	28.2
19770101	23.6	22.2	28.1
19770201	19.6	24.3	28.9
19770301	26.4	25.8	30.3
19770401	0	27	32.9
19770501	70.4	27.1	34.7
19770601	146.9	26.8	36
19770701	77.8	26.9	35.9
19770801	72.6	25.6	34.5
19770901	70.8	25.9	34.4
19771001	441.1	24.9	29.9
19771101	836	24.8	29.6
19771201	40	23.3	28.4
19780101	7.2	23.6	28.2
19780201	0.5	24.6	28.7
19780301	0	25.4	31.3
19780401	94.1	27.1	33.7
19780501	1.2	28.1	36
19780601	16.2	27.7	36.8
19780701	184.2	26.3	35.7
19780801	6.1	26.1	35
19780901	100.6	25.4	34
19781001	255.8	25.1	32.1
19781101	483	24.7	29.8
19781201	519.9	23.7	28.2
19790101	1.1	23.3	28.2
19790201	4.7	24.9	30.1
19790301	34.7	25.3	31.4
19790401	0	27	33.9
19790501	25.6	27.6	36.7
19790601	42.7	27.7	38
19790701	0.1	27.2	36.6
19790801	61.8	26.3	35.5
19790901	178	25.3	32.4
19791001	223	25.3	31.7
19791101	582.6	24.5	29.2
19791201	322.3	23.5	29
19800101	16.7	22.2	28.7
19800201	0	23.4	29.3
19800301	0	25.1	30.9
19800401	14.6	27.7	32.7
19800501	17.8	28.4	36.7
19800601	35	27.5	37.2
19800701	12.4	26.9	36.6
19800801	13.5	26.4	35.1
19800901	53.4	26.3	34.6
19801001	285.3	25.1	32
19801101	273.2	24.3	29.3
19801201	178	23.2	28.7
19810101	66.6	22.5	28.2
19810201	0.2	22.5	29
19810301	0	25.7	31
19810401	1	27.6	34.1
19810501	23.9	27.5	36.2
19810601	2.2	27.7	36.8
19810701	96.7	26.3	35.7
19810801	19	26.2	35
19810901	150.6	24.9	32.6
19811001	540.6	25.1	31.4
19811101	301.8	23.8	29.5
19811201	276.5	22.8	28.3
19820101	0.8	22.7	28.5
19820201	0	23.6	29.3
19820301	1.1	25.4	30.8
19820401	74.9	27.3	33.1
19820501	26.8	27.6	35.2
19820601	112.1	26.7	36.6
19820701	15.2	27	36.4
19820801	0.3	26.7	36.1
19820901	46	26.1	34.9
19821001	219.1	25.8	31.8
19821101	501.8	25.1	29.6
19821201	188.7	24.1	28.3
19830101	0	22.3	28.3
19830201	0	24.3	30.3
19830301	0	25.5	32.1
19830401	0	27.5	33.5
19830501	80.1	28.4	35.8
19830601	0	28.4	37.7
19830701	73.8	27.3	36.7
19830801	195.1	26.4	35.5
19830901	190.7	25.5	33.2
19831001	187.8	25.5	32.5
19831101	163.9	23.8	29.5
19831201	490	23.9	27.9
19840101	110.4	24.1	27.8
19840201	331.6	24.3	28.1
19840301	56.8	25.1	30.3
19840401	38	27	32.9
19840501	0	28.1	35.7
19840601	29.2	27.3	37.5
19840701	157.4	25.7	34.2
19840801	12	26	35.4
19840901	139.4	25.1	32.5
19841001	21.9	24.8	32.2
19841101	437	23.8	29.1
19841201	179.1	22.7	28.4
19850101	50.3	23.8	28.1
19850201	4.6	23.8	29.3
19850301	0	25.8	31.7
19850401	0.6	27.6	34.9
19850501	0	28.4	36.9
19850601	64.8	26.2	36
19850701	94.9	25.7	35.2
19850801	147.4	25.6	35.4
19850901	75.5	25.5	33.9
19851001	144.1	25.1	32.2
19851101	600	23.4	29.2
19851201	187.8	23.9	28.5
19860101	268.7	23	27.6
19860201	19.8	23.9	28.9
19860301	53.9	25.7	30.8
19860401	17	27.1	32.5
19860501	15.5	27.3	37.1
19860601	10.6	27.5	37.3
19860701	23.6	27.1	36.5
19860801	134.8	25.8	34.8
19860901	102.6	25.7	34.7
19861001	141.6	25.2	31.8
19861101	187.5	23.6	30
19861201	225.3	24.1	28.8
19870101	66.4	23.3	28.8
19870201	0	23	28.8
19870301	40.6	25.2	30.8
19870401	7.1	27.2	33.9
19870501	10.8	27.9	34.4
19870601	49	27.7	37.9
19870701	3.5	27.2	36.8
19870801	64.1	26.6	36.1
19870901	71.8	26.6	34.7
19871001	514.2	25.1	31.4
19871101	236.5	24.7	30.8
19871201	274.1	24.2	28.9
19880101	8.9	23	28.5
19880201	0	24	29.8
19880301	38.3	26.8	32.2
19880401	121.7	26.5	32.5
19880501	0.1	28.6	38
19880601	22.1	27.2	36.5
19880701	28.9	26.6	35.3
19880801	126.8	25.9	34.7
19880901	53.5	25.7	33.7
19881001	37	26.1	33
19881101	706	23.1	29
19881201	62.7	23.2	28.8
19890101	23.4	22.8	28.2
19890201	0	21.1	28.8
19890301	1.4	24.6	30.9
19890401	1.2	26.5	33.4
19890501	21.6	27.9	36.7
19890601	5.2	27.1	36.6
19890701	151.4	25.6	34.2
19890801	110.9	25.9	35.7
19890901	117.3	25.4	34.3
19891001	94	25	32.8
19891101	563	23.6	29.5
19891201	129.5	22.9	29
19900101	71.5	21	28.7
19900201	0.4	23.9	31.2
19900301	74.6	25.3	31.9
19900401	0	27	33.8
19900501	140.3	26.4	35.1
19900601	7.3	26.5	37.7
19900701	22.2	26.4	36.7
19900801	165.4	25.6	35
19900901	130.2	25.1	34.5
19901001	415.8	25	31.4
19901101	188.1	24.3	30.5
19901201	125.3	23.6	29.3
19910101	103.4	23.3	29.2
19910201	0.8	22.4	30.1
19910301	0.3	24.5	31.4
19910401	3.5	26.5	34
19910501	0	28.7	36.1
19910601	189.7	26.5	35
19910701	13.2	26.6	36.6
19910801	85.4	25.8	35
19910901	107.4	25.7	34.5
19911001	216.2	25	31.7
19911101	620.2	24.2	29.7
19911201	188.8	22.7	29.1
19920101	3.6	21.1	28.8
19920201	0	21.7	29.4
19920301	0	20.8	30.7
19920401	1.8	26	33.4
19920501	12.2	27.1	35.2
19920601	3.3	27.2	37.4
19920701	8.2	26.3	36.3
19920801	76.4	25.7	35.7
19920901	88.7	25.3	34.3
19921001	136.9	24.8	31.7
19921101	343	24.7	30.1
19921201	151.5	22.5	29.1
19930101	0	20.8	29
19930201	0.2	22.1	30.3
19930301	2.5	24.4	31.9
19930401	0	25.9	32.7
19930501	3.7	27.6	36.8
19930601	9.2	27.1	37.8
19930701	43.6	26.6	36.6
19930801	157.4	25.7	35.5
19930901	73.2	25.7	34.7
19931001	233.3	24.7	31.2
19931101	538.2	24	29.4
19931201	347.9	23	28.6
19940101	19	22.2	29.2
19940201	54.8	23.8	29.8
19940301	3.5	23.7	31.7
19940401	0.9	26.5	33.3
19940501	64.7	27.4	36.9
19940601	0.4	27.3	37.9
19940701	11	26.5	36.5
19940801	1.4	26.3	35.9
19940901	0	26.1	35.3
19941001	182	24.9	31.4
19941101	608.4	23.6	28.9
19941201	155.3	21	29
19950101	117.2	22.3	28.8
19950201	0.6	23.5	29.6
19950301	88.7	23.8	30.8
19950401	3.7	26.6	32.4
19950501	139	26.2	34.2
19950601	54.1	27.1	36.7
19950701	53.3	26.1	35.5
19950801	49.9	26.1	35.5
19950901	56.8	25.8	35
19951001	290.5	25.1	32.5
19951101	409.7	24.3	30.4
19951201	40.2	22	29.6
19960101	7.4	21.9	29.2
19960201	0	22.6	29.8
19960301	0	22.6	30.8
19960401	125.7	26.3	32.2
19960501	1.2	27.8	37.3
19960601	185.7	26.1	33.9
19960701	8.2	26.2	35.4
19960801	4.3	25.9	35.8
19960901	77.4	25.3	32.9
19961001	138.6	24.9	31.9
19961101	124.2	24	30.1
19961201	408.9	22.6	28.7
19970101	20.1	21.9	28.9
19970201	0	21.7	29
19970301	1.2	24.3	31.6
19970401	1.4	25.7	32.2
19970501	16.5	27.2	35.5
19970601	56	27.4	36.7
19970701	67.7	26.2	36
19970801	8.5	26.4	36.2
19970901	175.3	25.9	34.3
19971001	334.1	25.1	30.9
19971101	608.1	24.8	29.9
19971201	585.9	25	29.5
19980101	16.8	23.9	30
19980201	0.3	23.8	30.8
19980301	0	24.9	31.5
19980401	0	27.6	33.9
19980501	124	28.1	35.2
19980601	0.6	28	37.8
19980701	31.2	26.7	36.4
19980801	72.9	25.8	34
19980901	28.5	26	34.4
19981001	107	25.2	32.4
19981101	280.2	24.5	30.7
19981201	500.5	22.7	28.7
19990101	35.2	21	28.7
19990201	108.4	23.5	29.9
19990301	0.6	23.5	31
19990401	45.3	25.6	33.9
19990501	109.8	26	34.9
19990601	6.8	26.1	36.6
19990701	6.6	26.5	36.5
19990801	62.7	26	35.2
19990901	1.6	26	34.8
19991001	288.6	25	30.8
19991101	391.3	23.6	30
19991201	83.9	22.3	29
20000101	292.8	22.7	28.6
20000201	113.7	23.9	29.5
20000301	3.9	23.8	30.8
20000401	6.1	26.4	33.9
20000501	2.2	27.2	36.8
20000601	43.5	26.6	36.1
20000701	26.5	26.1	35.9
20000801	81.5	25.6	34
20000901	104.2	25.5	33.7
20001001	151.3	24.8	32.3
20001101	351.9	24.5	30.2
20001201	195	22	29
20010101	8.7	22.8	28.9
20010201	0	22.2	29.6
20010301	0	24.5	31.6
20010401	55.8	25.9	32.8
20010501	83.5	26.7	37.8
20010601	44.2	26	35.9
20010701	29	26.3	36.6
20010801	54.7	26	35.8
20010901	76.5	25.3	34.2
20011001	236.2	25	31.9
20011101	430.6	24.1	30.2
20011201	439	22.5	28.9
20020101	20.6	22.7	29.6
20020201	325	23.3	29.8
20020301	0	24.4	31.7
20020401	0	26.4	33.5
20020501	13.7	27.5	37.6
20020601	27.5	26.5	36.5
20020701	75.3	26.6	37.4
20020801	19.4	26	36.2
20020901	20.1	25.9	36.4
20021001	358	25	32.3
20021101	330.4	23.8	29.6
20021201	127.6	22.5	29.4
20030101	21.3	22.3	29.4
20030201	0	24.3	31.1
20030301	11.1	24.3	32.3
20030401	15.8	26.3	33.8
20030501	33.2	27.3	36.9
20030601	46.4	27	36.9
20030701	80.4	25.8	35.3
20030801	23.1	25.7	35.3
20030901	58.5	25.9	35.7
20031001	166.6	25.2	32.8
20031101	609.5	24.2	29.8
20031201	47.6	22.8	29.8
20040101	11.8	22	29.9
20040201	0	21.6	31.1
20040301	3.8	24.5	32.4
20040401	0	27	34.1
20040501	323	26	34.5
20040601	1.8	26.2	35.9
20040701	54.8	25.9	35.5
20040801	61.5	25.9	36.7
20040901	297.2	24.8	32.8
20041001	715.7	24.5	31.3
20041101	407.2	24.1	29.3
20041201	75.7	22.7	29.7
