date	prec	tmin	tmax	tmean	srad
19980101	0				
19980102	0				
19980103	0				
19980104					
19980105	0				
19980106	0				
19980107	0				
19980108	0				
19980109	0				
19980110	0				
19980111	0				
19980112	6				
19980113	5				
19980114	8				
19980115	0				
19980116	0				
19980117	0				
19980118	0				
19980119	0				
19980120	0				
19980121	2				
19980122	0				
19980123	3				
19980124	0				
19980125					
19980126					
19980127					
19980128					
19980129					
19980130					
19980131					
19980201					
19980202					
19980203					
19980204	0				
19980205	8				
19980206	0				
19980207	0				
19980208	0				
19980209	6				
19980210	0				
19980211	0				
19980212	5				
19980213	0				
19980214	0				
19980215	3				
19980216	6				
19980217	0				
19980218	0				
19980219	0				
19980220	0				
19980221	0				
19980222	0				
19980223	0				
19980224	0				
19980225	0				
19980226	0				
19980227	0				
19980228	4				
19980301	0				
19980302	13				
19980303	0				
19980304	0				
19980305	0				
19980306	0				
19980307	0				
19980308	0				
19980309	0				
19980310	0				
19980311	0				
19980312	0				
19980313	0				
19980314	14				
19980315	3				
19980316	0				
19980317	0				
19980318	0				
19980319	0				
19980320	0				
19980321	9				
19980322	0				
19980323	0				
19980324	0				
19980325	12				
19980326	0				
19980327	0				
19980328	0				
19980329	0				
19980330	0				
19980331	0				
19980401	0				
19980402	4				
19980403	0				
19980404	0				
19980405					
19980406					
19980407					
19980408	0				
19980409	0				
19980410	0				
19980411	0				
19980412	0				
19980413	0				
19980414	0				
19980415	0				
19980416	0				
19980417	0				
19980418	0				
19980419	0				
19980420	0				
19980421	3				
19980422	0				
19980423	6				
19980424	0				
19980425	0				
19980426	3				
19980427	0				
19980428	0				
19980429	0				
19980430	0				
19980501	0				
19980502	0				
19980503	0				
19980504	0				
19980505	0				
19980506	0				
19980507	4				
19980508	0				
19980509	0				
19980510	0				
19980511	5				
19980512	3				
19980513	0				
19980514	0				
19980515	0				
19980516	0				
19980517	0				
19980518	0				
19980519	0				
19980520	0				
19980521	0				
19980522	0				
19980523	0				
19980524	5				
19980525	0				
19980526	0				
19980527	2				
19980528	0				
19980529	0				
19980530	3				
19980531	12				
19980601	10				
19980602	0				
19980603	0				
19980604	5				
19980605	0				
19980606	6				
19980607	4				
19980608					
19980609	0				
19980610	0				
19980611	0				
19980612	0				
19980613	0				
19980614	0				
19980615	0				
19980616	0				
19980617	0				
19980618	0				
19980619	14				
19980620	0				
19980621	0				
19980622	9				
19980623	0				
19980624	0				
19980625	0				
19980626	0				
19980627	6				
19980628	0				
19980629	0				
19980630	0				
19980701	0				
19980702	0				
19980703	0				
19980704	0				
19980705	0				
19980706	10				
19980707	0				
19980708	0				
19980709	6				
19980710	3				
19980711	2				
19980712	0				
19980713	0				
19980714	0				
19980715	0				
19980716	0				
19980717	0				
19980718	0				
19980719	0				
19980720	0				
19980721	0				
19980722	0				
19980723	0				
19980724	0				
19980725	0				
19980726	0				
19980727	0				
19980728	0				
19980729	0				
19980730	0				
19980731	0				
19980801	0				
19980802	0				
19980803	0				
19980804	0				
19980805	0				
19980806	0				
19980807	0				
19980808	0				
19980809					
19980810	0				
19980811	0				
19980812	0				
19980813	0				
19980814	0				
19980815	0				
19980816	0				
19980817	0				
19980818	0				
19980819	0				
19980820	0				
19980821	0				
19980822	0				
19980823	0				
19980824	0				
19980825	0				
19980826	0				
19980827	0				
19980828	0				
19980829	0				
19980830	0				
19980831	3				
19980901	0				
19980902	0				
19980903	0				
19980904	0				
19980905	0				
19980906	2				
19980907	0				
19980908	3				
19980909	0				
19980910	2				
19980911	0				
19980912	0				
19980913	0				
19980914	0				
19980915	0				
19980916	0				
19980917	0				
19980918	0				
19980919	0				
19980920	0				
19980921	0				
19980922	0				
19980923	0				
19980924	0				
19980925	0				
19980926	0				
19980927	0				
19980928	0				
19980929	0				
19980930	0				
19981001	0				
19981002	0				
19981003	0				
19981004	0				
19981005	0				
19981006	0				
19981007	0				
19981008	0				
19981009	0				
19981010	0				
19981011	0				
19981012	0				
19981013	0				
19981014	0				
19981015	0				
19981016	0				
19981017	0				
19981018	0				
19981019	0				
19981020	0				
19981021	0				
19981022	3				
19981023	0				
19981024	0				
19981025	0				
19981026	0				
19981027	0				
19981028	0				
19981029	0				
19981030	0				
19981031	0				
19981101	0				
19981102	0				
19981103	0				
19981104	2				
19981105	0				
19981106	0				
19981107	0				
19981108	0				
19981109	0				
19981110					
19981111	0				
19981112	0				
19981113	0				
19981114	0				
19981115	0				
19981116	0				
19981117	3				
19981118	24				
19981119	0				
19981120	0				
19981121	0				
19981122	0				
19981123	0				
19981124	0				
19981125	0				
19981126	0				
19981127	0				
19981128	0				
19981129	0				
19981130	0				
19981201	0				
19981202	0				
19981203	0				
19981204	0				
19981205	0				
19981206	0				
19981207	0				
19981208	0				
19981209	0				
19981210	0				
19981211	0				
19981212	0				
19981213	0				
19981214	0				
19981215	0				
19981216	0				
19981217	0				
19981218	0				
19981219	0				
19981220	0				
19981221	0				
19981222	0				
19981223	0				
19981224	0				
19981225	0				
19981226	0				
19981227	0				
19981228	0				
19981229	0				
19981230	0				
19981231	0				
19990101	0				
19990102	11				
19990103	0				
19990104	0				
19990105	0				
19990106	0				
19990107	0				
19990108	3				
19990109	0				
19990110	0				
19990111					
19990112	3				
19990113	0				
19990114	0				
19990115	0				
19990116	0				
19990117	0				
19990118	0				
19990119	0				
19990120	0				
19990121	0				
19990122	0				
19990123	0				
19990124	0				
19990125	0				
19990126	0				
19990127	0				
19990128	0				
19990129	0				
19990130	0				
19990131	0				
19990201	0				
19990202	4				
19990203	0				
19990204	0				
19990205	0				
19990206	0				
19990207	0				
19990208	6				
19990209	0				
19990210	0				
19990211					
19990212					
19990213					
19990214					
19990215					
19990216					
19990217					
19990218					
19990219					
19990220					
19990221					
19990222					
19990223					
19990224					
19990225					
19990226					
19990227					
19990228					
19990301					
19990302					
19990303					
19990304					
19990305					
19990306					
19990307					
19990308					
19990309					
19990310					
19990311					
19990312					
19990313					
19990314					
19990315					
19990316					
19990317					
19990318					
19990319					
19990320					
19990321					
19990322					
19990323					
19990324					
19990325					
19990326					
19990327					
19990328					
19990329					
19990330					
19990331					
19990401					
19990402					
19990403					
19990404					
19990405					
19990406					
19990407					
19990408					
19990409					
19990410					
19990411					
19990412					
19990413					
19990414					
19990415					
19990416					
19990417					
19990418					
19990419					
19990420					
19990421					
19990422					
19990423					
19990424					
19990425					
19990426					
19990427					
19990428					
19990429					
19990430					
19990501					
19990502					
19990503					
19990504					
19990505					
19990506					
19990507					
19990508					
19990509					
19990510					
19990511					
19990512					
19990513					
19990514					
19990515					
19990516					
19990517					
19990518					
19990519					
19990520					
19990521					
19990522					
19990523					
19990524					
19990525					
19990526					
19990527					
19990528					
19990529					
19990530					
19990531					
19990601					
19990602					
19990603					
19990604					
19990605					
19990606					
19990607					
19990608					
19990609					
19990610					
19990611					
19990612					
19990613					
19990614					
19990615					
19990616					
19990617					
19990618					
19990619					
19990620					
19990621					
19990622					
19990623					
19990624					
19990625					
19990626					
19990627					
19990628					
19990629					
19990630					
19990701					
19990702					
19990703					
19990704					
19990705					
19990706					
19990707					
19990708					
19990709					
19990710					
19990711					
19990712					
19990713					
19990714					
19990715					
19990716					
19990717					
19990718					
19990719					
19990720					
19990721					
19990722					
19990723					
19990724					
19990725					
19990726					
19990727					
19990728					
19990729					
19990730					
19990731					
19990801					
19990802					
19990803					
19990804					
19990805					
19990806					
19990807					
19990808					
19990809					
19990810					
19990811					
19990812					
19990813					
19990814					
19990815					
19990816					
19990817					
19990818					
19990819					
19990820					
19990821					
19990822					
19990823					
19990824					
19990825					
19990826					
19990827					
19990828					
19990829					
19990830					
19990831					
19990901					
19990902					
19990903					
19990904					
19990905					
19990906					
19990907					
19990908					
19990909					
19990910					
19990911					
19990912					
19990913					
19990914					
19990915					
19990916					
19990917					
19990918					
19990919					
19990920					
19990921					
19990922					
19990923					
19990924					
19990925					
19990926					
19990927					
19990928					
19990929					
19990930					
19991001					
19991002					
19991003					
19991004					
19991005					
19991006					
19991007					
19991008					
19991009					
19991010					
19991011					
19991012					
19991013					
19991014					
19991015					
19991016					
19991017					
19991018					
19991019					
19991020					
19991021					
19991022					
19991023					
19991024					
19991025					
19991026					
19991027					
19991028					
19991029					
19991030					
19991031					
19991101					
19991102					
19991103					
19991104					
19991105					
19991106					
19991107					
19991108					
19991109					
19991110					
19991111					
19991112					
19991113					
19991114					
19991115					
19991116					
19991117					
19991118					
19991119					
19991120					
19991121					
19991122					
19991123					
19991124					
19991125					
19991126					
19991127					
19991128					
19991129					
19991130					
19991201					
19991202					
19991203					
19991204					
19991205					
19991206					
19991207					
19991208					
19991209					
19991210					
19991211					
19991212					
19991213					
19991214					
19991215					
19991216					
19991217					
19991218					
19991219					
19991220					
19991221					
19991222					
19991223					
19991224					
19991225					
19991226					
19991227					
19991228					
19991229					
19991230					
19991231					
20000101					
20000102					
20000103					
20000104					
20000105					
20000106					
20000107					
20000108					
20000109					
20000110					
20000111					
20000112					
20000113					
20000114					
20000115					
20000116					
20000117					
20000118					
20000119					
20000120					
20000121					
20000122					
20000123					
20000124					
20000125					
20000126					
20000127					
20000128					
20000129					
20000130					
20000131					
20000201					
20000202					
20000203					
20000204					
20000205					
20000206					
20000207					
20000208					
20000209					
20000210					
20000211					
20000212					
20000213					
20000214					
20000215					
20000216					
20000217					
20000218	0				
20000219	0				
20000220	0				
20000221	0				
20000222	7				
20000223	0				
20000224	0				
20000225	0				
20000226	0				
20000227	0				
20000228	0				
20000229	2				
20000301	3				
20000302	3				
20000303	3				
20000304	15				
20000305	0				
20000306	0				
20000307	0				
20000308	0				
20000309	5				
20000310	0				
20000311	0				
20000312	0				
20000313	0				
20000314	0				
20000315	0				
20000316	3				
20000317	2				
20000318	0				
20000319	0				
20000320	0				
20000321	0				
20000322	0				
20000323	0				
20000324	0				
20000325	0				
20000326	19				
20000327	0				
20000328	0				
20000329	0				
20000330	0				
20000331	0				
20000401	0				
20000402	6				
20000403	0				
20000404	0				
20000405	0				
20000406	0				
20000407	0				
20000408	0				
20000409	0				
20000410	0				
20000411	0				
20000412	0				
20000413	0				
20000414	9				
20000415	0				
20000416	5				
20000417	3				
20000418	0				
20000419					
20000420					
20000421	4				
20000422	0				
20000423	0				
20000424	0				
20000425	0				
20000426	0				
20000427	3				
20000428	0				
20000429	0				
20000430	0				
20000501	0				
20000502	0				
20000503	0				
20000504	0				
20000505	0				
20000506	0				
20000507	0				
20000508	0				
20000509	0				
20000510	0				
20000511	11				
20000512	9				
20000513	16				
20000514	8				
20000515	0				
20000516	0				
20000517	0				
20000518	0				
20000519	0				
20000520	0				
20000521	0				
20000522	0				
20000523	0				
20000524	0				
20000525	0				
20000526	0				
20000527	0				
20000528	0				
20000529	0				
20000530	2				
20000531	0				
20000601	0				
20000602	0				
20000603	0				
20000604	0				
20000605	0				
20000606	0				
20000607	0				
20000608	0				
20000609	0				
20000610	10				
20000611	0				
20000612	0				
20000613	0				
20000614	0				
20000615	0				
20000616	0				
20000617	0				
20000618	6				
20000619	0				
20000620	0				
20000621					
20000622	0				
20000623	0				
20000624	0				
20000625	0				
20000626	0				
20000627	0				
20000628	0				
20000629	5				
20000630	3				
20000701	0				
20000702	0				
20000703	0				
20000704	0				
20000705	0				
20000706	0				
20000707	0				
20000708	5				
20000709	5				
20000710	0				
20000711	3				
20000712	0				
20000713	2				
20000714	0				
20000715	0				
20000716	0				
20000717	0				
20000718	0				
20000719	0				
20000720	0				
20000721	0				
20000722	3				
20000723	0				
20000724	0				
20000725	0				
20000726	0				
20000727	0				
20000728	0				
20000729	0				
20000730	0				
20000731	0				
20000801	0				
20000802	0				
20000803	0				
20000804	0				
20000805	0				
20000806	0				
20000807	0				
20000808	0				
20000809	0				
20000810	0				
20000811	0				
20000812	0				
20000813	0				
20000814	0				
20000815	0				
20000816	0				
20000817	0				
20000818	0				
20000819	0				
20000820	0				
20000821	0				
20000822					
20000823	0				
20000824	0				
20000825	0				
20000826	0				
20000827	0				
20000828	0				
20000829	0				
20000830	0				
20000831	0				
20000901	0				
20000902	0				
20000903	0				
20000904	0				
20000905	0				
20000906	0				
20000907	0				
20000908	0				
20000909	0				
20000910	0				
20000911	0				
20000912	0				
20000913	0				
20000914	0				
20000915	0				
20000916	0				
20000917	0				
20000918	0				
20000919	0				
20000920	0				
20000921	0				
20000922	0				
20000923	0				
20000924	0				
20000925	0				
20000926	0				
20000927	0				
20000928	0				
20000929	0				
20000930	0				
20001001	0				
20001002	0				
20001003	0				
20001004	0				
20001005	0				
20001006	0				
20001007	0				
20001008	0				
20001009	0				
20001010	0				
20001011	0				
20001012	0				
20001013	0				
20001014	0				
20001015	0				
20001016	0				
20001017	0				
20001018	0				
20001019	0				
20001020	0				
20001021	0				
20001022	0				
20001023	0				
20001024	0				
20001025	0				
20001026	0				
20001027	0				
20001028	0				
20001029	0				
20001030	0				
20001031	0				
20001101	0				
20001102	12				
20001103	0				
20001104	0				
20001105	0				
20001106	0				
20001107	0				
20001108	0				
20001109	0				
20001110	0				
20001111	0				
20001112	0				
20001113	0				
20001114	0				
20001115	0				
20001116	0				
20001117	0				
20001118	0				
20001119	0				
20001120	15				
20001121	0				
20001122	5				
20001123					
20001124	0				
20001125	0				
20001126	0				
20001127	0				
20001128	0				
20001129	0				
20001130	0				
20001201	0				
20001202	0				
20001203	0				
20001204	0				
20001205	0				
20001206	7				
20001207	0				
20001208	0				
20001209	2				
20001210	0				
20001211	0				
20001212	0				
20001213	0				
20001214	0				
20001215	0				
20001216	11				
20001217	11				
20001218	2				
20001219	0				
20001220	0				
20001221	0				
20001222	0				
20001223	0				
20001224	27				
20001225	13				
20001226	0				
20001227	0				
20001228	0				
20001229	0				
20001230	0				
20001231	0				
20010101	0				
20010102	0				
20010103	0				
20010104	0				
20010105	0				
20010106	0				
20010107	0				
20010108	0				
20010109	0				
20010110	0				
20010111	0				
20010112	0				
20010113	0				
20010114	0				
20010115	0				
20010116	2				
20010117	0				
20010118	0				
20010119	3				
20010120	5				
20010121	5				
20010122	0				
20010123	2				
20010124	4				
20010125	3				
20010126	11				
20010127	0				
20010128	0				
20010129	0				
20010130	0				
20010131	0				
20010201	0				
20010202	0				
20010203	0				
20010204	0				
20010205	0				
20010206	3				
20010207	0				
20010208	1				
20010209	0				
20010210	0				
20010211	0				
20010212	0				
20010213	0				
20010214	3				
20010215	0				
20010216	0				
20010217	0				
20010218	0				
20010219	0				
20010220	0				
20010221	0				
20010222	0				
20010223	0				
20010224	0				
20010225	0				
20010226	0				
20010227	0				
20010228	0				
20010301	0				
20010302	0				
20010303	0				
20010304	0				
20010305	0				
20010306	0				
20010307	0				
20010308	0				
20010309	17				
20010310	7				
20010311	0				
20010312	0				
20010313	0				
20010314	0				
20010315	0				
20010316	2				
20010317	0				
20010318	0				
20010319	0				
20010320	0				
20010321	0				
20010322	0				
20010323	0				
20010324	21				
20010325	0				
20010326	0				
20010327	0				
20010328	0				
20010329	0				
20010330	0				
20010331	0				
20010401	0				
20010402	0				
20010403	0				
20010404	3				
20010405	0				
20010406	5				
20010407	0				
20010408	20				
20010409	4				
20010410	0				
20010411	0				
20010412	0				
20010413	0				
20010414	0				
20010415	0				
20010416	0				
20010417	0				
20010418	0				
20010419	0				
20010420	0				
20010421	0				
20010422	0				
20010423	0				
20010424	7				
20010425	13				
20010426	0				
20010427	0				
20010428	0				
20010429	0				
20010430	0				
20010501	6				
20010502	11				
20010503	0				
20010504	0				
20010505	0				
20010506	0				
20010507	0				
20010508	0				
20010509	0				
20010510	0				
20010511	0				
20010512	0				
20010513	0				
20010514	0				
20010515	0				
20010516	0				
20010517	0				
20010518	0				
20010519	0				
20010520	0				
20010521	0				
20010522	0				
20010523	0				
20010524	0				
20010525	0				
20010526	0				
20010527	0				
20010528	5				
20010529	6				
20010530	0				
20010531	0				
20010601	0				
20010602	0				
20010603	0				
20010604	0				
20010605	0				
20010606	0				
20010607	0				
20010608	0				
20010609	0				
20010610	0				
20010611	0				
20010612	0				
20010613	0				
20010614	0				
20010615	0				
20010616	0				
20010617	9				
20010618	4				
20010619	0				
20010620	0				
20010621	0				
20010622	0				
20010623	0				
20010624	0				
20010625	0				
20010626	0				
20010627	0				
20010628	0				
20010629	0				
20010630	0				
20010701	0				
20010702	0				
20010703	0				
20010704	0				
20010705	0				
20010706	0				
20010707	0				
20010708	0				
20010709	0				
20010710	0				
20010711	0				
20010712	0				
20010713	0				
20010714	0				
20010715	0				
20010716	0				
20010717	0				
20010718	0				
20010719	5				
20010720	0				
20010721	0				
20010722	0				
20010723	0				
20010724	0				
20010725	0				
20010726	0				
20010727	0				
20010728	0				
20010729	0				
20010730	0				
20010731	0				
20010801	0				
20010802	0				
20010803	0				
20010804	0				
20010805	0				
20010806	0				
20010807	0				
20010808	3				
20010809	0				
20010810	0				
20010811	0				
20010812	0				
20010813	0				
20010814	0				
20010815	0				
20010816	0				
20010817	0				
20010818	0				
20010819	0				
20010820	0				
20010821	0				
20010822	0				
20010823	0				
20010824	0				
20010825	0				
20010826	0				
20010827	0				
20010828	0				
20010829	0				
20010830	0				
20010831	0				
20010901	0				
20010902	0				
20010903	0				
20010904	0				
20010905	0				
20010906	0				
20010907	0				
20010908	0				
20010909	0				
20010910	0				
20010911	0				
20010912	0				
20010913	0				
20010914	0				
20010915	0				
20010916	0				
20010917	0				
20010918	0				
20010919	0				
20010920	0				
20010921	0				
20010922	0				
20010923	0				
20010924	0				
20010925	0				
20010926	0				
20010927	0				
20010928	0				
20010929	0				
20010930	12				
20011001	4				
20011002	0				
20011003	0				
20011004	0				
20011005	0				
20011006	0				
20011007	0				
20011008	0				
20011009	0				
20011010	0				
20011011	0				
20011012	0				
20011013	0				
20011014	0				
20011015	0				
20011016	0				
20011017	6				
20011018	5				
20011019	0				
20011020	0				
20011021	0				
20011022	0				
20011023	0				
20011024	0				
20011025	0				
20011026	0				
20011027	0				
20011028	2				
20011029	0				
20011030	0				
20011031	0				
20011101	0				
20011102	0				
20011103	0				
20011104	0				
20011105	0				
20011106	0				
20011107	11				
20011108	0				
20011109	0				
20011110	0				
20011111	6				
20011112	0				
20011113	0				
20011114	0				
20011115	0				
20011116	0				
20011117	0				
20011118	43				
20011119	2				
20011120	0				
20011121	0				
20011122	0				
20011123	7				
20011124	0				
20011125	0				
20011126	0				
20011127	0				
20011128	0				
20011129	0				
20011130	0				
20011201	4				
20011202	0				
20011203	4				
20011204	0				
20011205	0				
20011206	0				
20011207	0				
20011208	0				
20011209	0				
20011210	0				
20011211	0				
20011212	0				
20011213	0				
20011214	0				
20011215	0				
20011216	0				
20011217	0				
20011218	0				
20011219	4				
20011220	0				
20011221	0				
20011222	0				
20011223	0				
20011224	0				
20011225	0				
20011226	0				
20011227	0				
20011228	0				
20011229	0				
20011230	0				
20011231	0				
20020101	0				
20020102	0				
20020103	0				
20020104	0				
20020105	0				
20020106	5				
20020107	0				
20020108	3				
20020109	0				
20020110	2				
20020111	1				
20020112	0				
20020113	0				
20020114	0				
20020115	0				
20020116	0				
20020117	0				
20020118	0				
20020119	0				
20020120	0				
20020121	0				
20020122	10				
20020123	0				
20020124	0				
20020125	0				
20020126	0				
20020127	0				
20020128	2				
20020129	0				
20020130	0				
20020131	0				
20020201	0				
20020202	0				
20020203	0				
20020204	0				
20020205	0				
20020206	0				
20020207	0				
20020208	0				
20020209	0				
20020210	0				
20020211	0				
20020212	0				
20020213	0				
20020214	0				
20020215	9				
20020216	0				
20020217	0				
20020218	0				
20020219	0				
20020220	0				
20020221	0				
20020222	0				
20020223	0				
20020224	0				
20020225	0				
20020226	0				
20020227	0				
20020228	0				
20020301	0				
20020302	0				
20020303	0				
20020304	0				
20020305	0				
20020306	0				
20020307	0				
20020308	0				
20020309	2				
20020310	0				
20020311	0				
20020312	0				
20020313	0				
20020314	7				
20020315	0				
20020316	0				
20020317	9				
20020318	0				
20020319	6				
20020320	0				
20020321	9				
20020322	3				
20020323	0				
20020324	0				
20020325	0				
20020326	0				
20020327	0				
20020328	0				
20020329	3				
20020330	0				
20020331	0				
20020401	16				
20020402	18				
20020403	7				
20020404	0				
20020405	0				
20020406	6				
20020407	0				
20020408	0				
20020409	5				
20020410	0				
20020411	0				
20020412	0				
20020413	0				
20020414	0				
20020415	3				
20020416	0				
20020417	17				
20020418	0				
20020419	0				
20020420	12				
20020421	10				
20020422	9				
20020423	6				
20020424	6				
20020425	0				
20020426	0				
20020427	0				
20020428	10				
20020429	0				
20020430	0				
20020501	0				
20020502	0				
20020503	0				
20020504	0				
20020505	0				
20020506	15				
20020507	3				
20020508	0				
20020509	0				
20020510	0				
20020511	0				
20020512	0				
20020513	0				
20020514	0				
20020515	0				
20020516	8				
20020517	0				
20020518	9				
20020519	0				
20020520	0				
20020521	0				
20020522	0				
20020523	18				
20020524	0				
20020525	0				
20020526	10				
20020527	10				
20020528	4				
20020529	0				
20020530	0				
20020531	0				
20020601	0				
20020602	0				
20020603	0				
20020604	26				
20020605	0				
20020606	0				
20020607	0				
20020608	0				
20020609	0				
20020610	0				
20020611	0				
20020612	11				
20020613	0				
20020614	0				
20020615	0				
20020616	0				
20020617	0				
20020618	0				
20020619	0				
20020620	5				
20020621	0				
20020622	0				
20020623	0				
20020624	0				
20020625	0				
20020626	0				
20020627	0				
20020628	0				
20020629	0				
20020630	0				
20020701	3				
20020702	0				
20020703	0				
20020704	0				
20020705	0				
20020706	0				
20020707	0				
20020708	0				
20020709	0				
20020710	0				
20020711	0				
20020712	0				
20020713	0				
20020714	0				
20020715	0				
20020716	0				
20020717	0				
20020718	0				
20020719	0				
20020720	0				
20020721	0				
20020722	0				
20020723	0				
20020724	0				
20020725	0				
20020726	0				
20020727	0				
20020728	0				
20020729	0				
20020730	0				
20020731	0				
20020801	0				
20020802	0				
20020803	0				
20020804	0				
20020805	0				
20020806	0				
20020807	0				
20020808	0				
20020809	0				
20020810	0				
20020811	0				
20020812	0				
20020813	0				
20020814	0				
20020815	0				
20020816	0				
20020817	0				
20020818	0				
20020819	0				
20020820	0				
20020821	0				
20020822	9				
20020823	2				
20020824	0				
20020825	0				
20020826	0				
20020827	0				
20020828	0				
20020829	0				
20020830	0				
20020831	0				
20020901	0				
20020902	0				
20020903	0				
20020904	0				
20020905	0				
20020906	0				
20020907	0				
20020908	0				
20020909	0				
20020910	0				
20020911	0				
20020912	0				
20020913	0				
20020914	0				
20020915	0				
20020916	0				
20020917	0				
20020918	0				
20020919	5				
20020920	0				
20020921	5				
20020922	0				
20020923	0				
20020924	0				
20020925	0				
20020926	0				
20020927	0				
20020928	0				
20020929	0				
20020930	0				
20021001	0				
20021002	0				
20021003	5				
20021004	0				
20021005	0				
20021006	0				
20021007	0				
20021008	0				
20021009	0				
20021010	0				
20021011	0				
20021012	0				
20021013	0				
20021014	0				
20021015	0				
20021016	0				
20021017	0				
20021018	0				
20021019	0				
20021020	0				
20021021	0				
20021022					
20021023					
20021024					
20021025					
20021026					
20021027					
20021028					
20021029					
20021030					
20021031					
20021101					
20021102					
20021103					
20021104					
20021105					
20021106					
20021107					
20021108					
20021109					
20021110					
20021111					
20021112					
20021113					
20021114					
20021115					
20021116					
20021117					
20021118					
20021119					
20021120					
20021121	0				
20021122	0				
20021123	0				
20021124	0				
20021125	0				
20021126	0				
20021127	0				
20021128	4				
20021129	3				
20021130	0				
20021201	0				
20021202	2				
20021203	4				
20021204	0				
20021205	0				
20021206	0				
20021207	0				
20021208	0				
20021209	3				
20021210	4				
20021211	0				
20021212	0				
20021213	0				
20021214	0				
20021215	0				
20021216	0				
20021217	0				
20021218	3				
20021219	0				
20021220	3				
20021221					
20021222					
20021223					
20021224					
20021225					
20021226					
20021227					
20021228					
20021229					
20021230					
20021231	0				
20030101	0				
20030102	0				
20030103	0				
20030104	0				
20030105	0				
20030106	0				
20030107	0				
20030108	0				
20030109	0				
20030110	0				
20030111	0				
20030112	0				
20030113	0				
20030114	9				
20030115	6				
20030116	0				
20030117	0				
20030118	0				
20030119	0				
20030120	0				
20030121	0				
20030122	0				
20030123	0				
20030124	0				
20030125	0				
20030126	0				
20030127	4				
20030128	0				
20030129	0				
20030130	0				
20030131	0				
20030201	0				
20030202	0				
20030203	0				
20030204	0				
20030205	0				
20030206	0				
20030207	0				
20030208	0				
20030209	0				
20030210	3				
20030211	0				
20030212	0				
20030213	5				
20030214	6				
20030215	8				
20030216	2				
20030217	0				
20030218	5				
20030219	5				
20030220	0				
20030221	8				
20030222	2				
20030223	0				
20030224	5				
20030225	0				
20030226	4				
20030227	4				
20030228	0				
20030301	0				
20030302	0				
20030303	0				
20030304	0				
20030305	5				
20030306	0				
20030307	0				
20030308	0				
20030309	0				
20030310	3				
20030311	5				
20030312	0				
20030313	0				
20030314	0				
20030315	4				
20030316	5				
20030317	5				
20030318	3				
20030319	0				
20030320	2				
20030321	0				
20030322	0				
20030323	0				
20030324	13				
20030325	37				
20030326	0				
20030327	8				
20030328	0				
20030329	0				
20030330	0				
20030331	0				
20030401	0				
20030402	0				
20030403	0				
20030404	0				
20030405	0				
20030406	0				
20030407	0				
20030408	0				
20030409	0				
20030410	0				
20030411	0				
20030412	0				
20030413	0				
20030414	0				
20030415	32				
20030416	8				
20030417	0				
20030418	0				
20030419	4				
20030420	0				
20030421	0				
20030422	6				
20030423	0				
20030424	0				
20030425	9				
20030426	16				
20030427	18				
20030428	0				
20030429	0				
20030430	0				
20030501	0				
20030502	0				
20030503	0				
20030504	0				
20030505	0				
20030506	15				
20030507	3				
20030508	0				
20030509	0				
20030510	0				
20030511	0				
20030512	0				
20030513	0				
20030514	0				
20030515	0				
20030516	8				
20030517	0				
20030518	9				
20030519	0				
20030520	0				
20030521	0				
20030522	0				
20030523	18				
20030524	0				
20030525	0				
20030526	10				
20030527	10				
20030528	4				
20030529	0				
20030530	0				
20030531	0				
20030601	0				
20030602	0				
20030603	0				
20030604	26				
20030605	0				
20030606	0				
20030607	0				
20030608	0				
20030609	0				
20030610	0				
20030611	0				
20030612	11				
20030613	0				
20030614	0				
20030615	0				
20030616	0				
20030617	0				
20030618	0				
20030619	0				
20030620	5				
20030621	0				
20030622	0				
20030623	0				
20030624	0				
20030625	0				
20030626	0				
20030627	0				
20030628	0				
20030629	0				
20030630	0				
20030701	3				
20030702	0				
20030703	0				
20030704	0				
20030705	0				
20030706	0				
20030707	0				
20030708	0				
20030709	0				
20030710	0				
20030711	0				
20030712	0				
20030713	0				
20030714	0				
20030715	0				
20030716	0				
20030717	0				
20030718	0				
20030719	0				
20030720	0				
20030721	0				
20030722	0				
20030723	0				
20030724	0				
20030725	0				
20030726	0				
20030727	0				
20030728	0				
20030729	0				
20030730	0				
20030731	0				
20030801	0				
20030802	0				
20030803	0				
20030804	0				
20030805	0				
20030806	0				
20030807	0				
20030808	0				
20030809	0				
20030810	0				
20030811	0				
20030812	0				
20030813	0				
20030814	0				
20030815	0				
20030816	0				
20030817	0				
20030818	0				
20030819	0				
20030820	0				
20030821	0				
20030822	9				
20030823	2				
20030824	0				
20030825	0				
20030826	0				
20030827	0				
20030828	0				
20030829	0				
20030830	0				
20030831	0				
20030901	0				
20030902	0				
20030903	0				
20030904	0				
20030905	0				
20030906	0				
20030907	0				
20030908	0				
20030909	0				
20030910	0				
20030911	0				
20030912	0				
20030913	0				
20030914	0				
20030915	0				
20030916	0				
20030917	0				
20030918	0				
20030919	5				
20030920	0				
20030921	5				
20030922	0				
20030923	0				
20030924	0				
20030925	0				
20030926	0				
20030927	0				
20030928	0				
20030929	0				
20030930	0				
20031001	0				
20031002	0				
20031003	5				
20031004	0				
20031005	0				
20031006	0				
20031007	0				
20031008	0				
20031009	0				
20031010	0				
20031011	0				
20031012	0				
20031013	0				
20031014	0				
20031015	0				
20031016	0				
20031017	0				
20031018	0				
20031019	0				
20031020	0				
20031021	0				
20031022					
20031023					
20031024					
20031025					
20031026					
20031027					
20031028					
20031029					
20031030					
20031031					
20031101					
20031102					
20031103					
20031104					
20031105					
20031106					
20031107					
20031108					
20031109					
20031110					
20031111					
20031112					
20031113					
20031114					
20031115					
20031116					
20031117					
20031118					
20031119					
20031120					
20031121	0				
20031122	0				
20031123	0				
20031124	0				
20031125	0				
20031126	0				
20031127	0				
20031128	4				
20031129	3				
20031130	0				
20031201	0				
20031202	2				
20031203	4				
20031204	0				
20031205	0				
20031206	0				
20031207	0				
20031208	0				
20031209	3				
20031210	4				
20031211	0				
20031212	0				
20031213	0				
20031214	0				
20031215	0				
20031216	0				
20031217	0				
20031218	3				
20031219	0				
20031220	3				
20031221					
20031222					
20031223					
20031224					
20031225					
20031226					
20031227					
20031228					
20031229					
20031230					
20031231	0				
20040101	0				
20040102	0				
20040103	0				
20040104	0				
20040105	0				
20040106	0				
20040107	0				
20040108	0				
20040109	2				
20040110	0				
20040111	0				
20040112	11				
20040113	0				
20040114	0				
20040115	0				
20040116	0				
20040117	0				
20040118	0				
20040119	0				
20040120	0				
20040121	0				
20040122	0				
20040123	0				
20040124	0				
20040125	0				
20040126	3				
20040127	0				
20040128	0				
20040129	0				
20040130	0				
20040131	0				
20040201	6				
20040202	0				
20040203	0				
20040204	0				
20040205	0				
20040206	0				
20040207	0				
20040208	3				
20040209	12				
20040210	0				
20040211	0				
20040212	0				
20040213	3				
20040214	0				
20040215	0				
20040216	9				
20040217	0				
20040218	0				
20040219	0				
20040220	0				
20040221	0				
20040222	4				
20040223	0				
20040224	0				
20040225	0				
20040226	0				
20040227	0				
20040228	0				
20040229	0				
20040301	0				
20040302	0				
20040303	0				
20040304	0				
20040305	0				
20040306	0				
20040307	0				
20040308	0				
20040309	0				
20040310	0				
20040311	0				
20040312	0				
20040313	0				
20040314	3				
20040315	3				
20040316	4				
20040317	0				
20040318	0				
20040319	0				
20040320	0				
20040321	0				
20040322	0				
20040323	0				
20040324	0				
20040325	0				
20040326	0				
20040327	0				
20040328	14				
20040329	0				
20040330	5				
20040331	0				
20040401	0				
20040402	4				
20040403	24				
20040404	7				
20040405	0				
20040406	0				
20040407	0				
20040408	0				
20040409	0				
20040410	0				
20040411	0				
20040412	0				
20040413	0				
20040414	0				
20040415	13				
20040416	9				
20040417	0				
20040418	3				
20040419	0				
20040420	0				
20040421	0				
20040422	26				
20040423	0				
20040424	0				
20040425	0				
20040426	0				
20040427	0				
20040428	0				
20040429	0				
20040430	26				
20040501	0				
20040502	0				
20040503	5				
20040504	24				
20040505	0				
20040506	0				
20040507	0				
20040508	0				
20040509	0				
20040510	0				
20040511	0				
20040512	0				
20040513	0				
20040514	8				
20040515	10				
20040516	0				
20040517	0				
20040518	0				
20040519	0				
20040520	0				
20040521	0				
20040522	0				
20040523	0				
20040524	0				
20040525	0				
20040526	0				
20040527	16				
20040528	13				
20040529	0				
20040530	6				
20040531	0				
20040601	0				
20040602	0				
20040603	0				
20040604	0				
20040605	0				
20040606	0				
20040607	0				
20040608	0				
20040609	0				
20040610	0				
20040611	0				
20040612	17				
20040613	0				
20040614	0				
20040615	0				
20040616	7				
20040617	0				
20040618	0				
20040619	0				
20040620	5				
20040621	0				
20040622	0				
20040623	0				
20040624	0				
20040625	0				
20040626	0				
20040627	0				
20040628	0				
20040629	0				
20040630	0				
20040701	0				
20040702	0				
20040703	0				
20040704	0				
20040705	0				
20040706	0				
20040707	0				
20040708	8				
20040709	4				
20040710	6				
20040711	0				
20040712	15				
20040713	0				
20040714	0				
20040715	0				
20040716	0				
20040717	0				
20040718	0				
20040719	0				
20040720	0				
20040721	6				
20040722	9				
20040723	0				
20040724	8				
20040725	0				
20040726	11				
20040727	0				
20040728	5				
20040729	0				
20040730	0				
20040731	0				
20040801	0				
20040802	0				
20040803	0				
20040804	0				
20040805	0				
20040806	0				
20040807	0				
20040808	0				
20040809	0				
20040810	0				
20040811	0				
20040812	0				
20040813	0				
20040814	0				
20040815	0				
20040816	0				
20040817	0				
20040818	0				
20040819	0				
20040820	0				
20040821	0				
20040822	0				
20040823	0				
20040824	0				
20040825	0				
20040826	0				
20040827	0				
20040828	0				
20040829	0				
20040830	0				
20040831	0				
20040901	0				
20040902	0				
20040903	0				
20040904	0				
20040905	0				
20040906	0				
20040907	0				
20040908	0				
20040909	0				
20040910	0				
20040911	0				
20040912	0				
20040913	0				
20040914	0				
20040915	0				
20040916	0				
20040917	0				
20040918	0				
20040919	0				
20040920	0				
20040921	0				
20040922	0				
20040923	0				
20040924	0				
20040925	0				
20040926	0				
20040927	0				
20040928	0				
20040929	0				
20040930	0				
20041001	0				
20041002	0				
20041003	0				
20041004	0				
20041005	0				
20041006	0				
20041007	0				
20041008	0				
20041009	0				
20041010	0				
20041011	0				
20041012	0				
20041013	14				
20041014	0				
20041015	0				
20041016	0				
20041017	0				
20041018	0				
20041019	0				
20041020	0				
20041021	0				
20041022	0				
20041023	0				
20041024	0				
20041025	0				
20041026	0				
20041027	0				
20041028	0				
20041029	0				
20041030	0				
20041031	0				
20041101	0				
20041102	0				
20041103	0				
20041104	26				
20041105	0				
20041106	0				
20041107	0				
20041108	0				
20041109	0				
20041110	0				
20041111	0				
20041112	0				
20041113	0				
20041114	0				
20041115	0				
20041116	0				
20041117	5				
20041118	0				
20041119	0				
20041120	0				
20041121	0				
20041122	4				
20041123	0				
20041124	0				
20041125	0				
20041126	0				
20041127	2				
20041128	0				
20041129	0				
20041130	0				
20041201	3				
20041202	0				
20041203	0				
20041204	0				
20041205	3				
20041206	0				
20041207	0				
20041208	0				
20041209	0				
20041210	0				
20041211	7				
20041212	0				
20041213	0				
20041214	0				
20041215	14				
20041216	9				
20041217	0				
20041218	0				
20041219	0				
20041220	0				
20041221	0				
20041222	0				
20041223	0				
20041224	0				
20041225	0				
20041226	0				
20041227	0				
20041228	0				
20041229	0				
20041230	0				
20041231					
20050101					
20050102					
20050103					
20050104					
20050105					
20050106					
20050107					
20050108					
20050109					
20050110					
20050111					
20050112					
20050113					
20050114					
20050115					
20050116					
20050117					
20050118					
20050119					
20050120					
20050121					
20050122					
20050123					
20050124					
20050125					
20050126					
20050127					
20050128					
20050129					
20050130					
20050131					
20050201					
20050202					
20050203					
20050204					
20050205					
20050206					
20050207					
20050208					
20050209					
20050210					
20050211					
20050212					
20050213					
20050214					
20050215					
20050216					
20050217					
20050218					
20050219					
20050220					
20050221					
20050222					
20050223					
20050224					
20050225					
20050226					
20050227					
20050228					
20050301					
20050302					
20050303					
20050304					
20050305					
20050306					
20050307					
20050308					
20050309					
20050310					
20050311					
20050312					
20050313					
20050314					
20050315					
20050316					
20050317					
20050318					
20050319					
20050320					
20050321					
20050322					
20050323					
20050324					
20050325					
20050326					
20050327					
20050328					
20050329					
20050330					
20050331					
20050401					
20050402					
20050403					
20050404					
20050405					
20050406					
20050407					
20050408					
20050409					
20050410					
20050411					
20050412					
20050413					
20050414					
20050415					
20050416					
20050417					
20050418					
20050419					
20050420					
20050421					
20050422					
20050423					
20050424					
20050425					
20050426					
20050427					
20050428					
20050429					
20050430					
20050501					
20050502					
20050503					
20050504					
20050505					
20050506					
20050507					
20050508					
20050509					
20050510					
20050511					
20050512					
20050513					
20050514					
20050515					
20050516					
20050517					
20050518					
20050519					
20050520					
20050521					
20050522					
20050523					
20050524					
20050525					
20050526					
20050527					
20050528					
20050529					
20050530					
20050531					
20050601					
20050602					
20050603					
20050604					
20050605					
20050606					
20050607					
20050608					
20050609					
20050610					
20050611					
20050612					
20050613					
20050614					
20050615					
20050616					
20050617					
20050618					
20050619					
20050620					
20050621					
20050622					
20050623					
20050624					
20050625					
20050626					
20050627					
20050628					
20050629					
20050630					
20050701					
20050702					
20050703					
20050704					
20050705					
20050706					
20050707					
20050708					
20050709					
20050710					
20050711					
20050712					
20050713					
20050714					
20050715					
20050716					
20050717					
20050718					
20050719					
20050720					
20050721					
20050722					
20050723					
20050724					
20050725					
20050726					
20050727					
20050728					
20050729					
20050730					
20050731					
20050801					
20050802					
20050803					
20050804					
20050805					
20050806					
20050807					
20050808					
20050809					
20050810					
20050811					
20050812					
20050813					
20050814					
20050815					
20050816					
20050817					
20050818					
20050819					
20050820					
20050821					
20050822					
20050823					
20050824					
20050825					
20050826					
20050827					
20050828					
20050829					
20050830					
20050831					
20050901					
20050902					
20050903					
20050904					
20050905					
20050906					
20050907					
20050908					
20050909					
20050910					
20050911					
20050912					
20050913					
20050914					
20050915					
20050916					
20050917					
20050918					
20050919					
20050920					
20050921					
20050922					
