date	prec	tmin	tmax
19890923	0	6	19.5
19890924	0	6.5	24
19890925	0	6.5	27
19890926	0	10	28
19890927	0	11	29
19890928	0	12	28
19890929	0	12	25
19890930	0	9	24
19891001	0	11	30
19891002	0	13	32
19891003	0	14.5	32
19891004	0	15	32
19891005	0	13	32
19891006	0	14	32
19891007	0	15	31.5
19891008	0	16	33
19891009	0	14	30
19891010	0	15	22
19891011	0	9	21
19891012	0	6	20
19891013	0	5.5	23.5
19891014	0	6	27
19891015	0	7	23
19891016	0	7	25
19891017	0	8	28
19891018	0	11	28
19891019	0	10	29
19891020	0	12	31
19891021	0	12	22
19891022	0	7	19
19891023	0	9	12
19891024	0	5	15
19891025	0	2	19
19891026	0	4	24
19891027	0	6	22
19891028	0	6	25
19891029	0	7	22
19891030	0	10	18
19891031	2.5	7	18
19891101	0	3	8
19891102	0	3	10
19891103	0	2	16
19891104	0	3	15
19891105	0	3	18
19891106	0	2	19
19891107	0	3	15
19891108	0	4	12
19891109	0	3	11
19891110	0	-1	11
19891111	0	-2	11
19891112	0	-2	13
19891113	0	-2	16
19891114	0	1	18
19891115	0	3	20
19891116	3.7	5	19.5
19891117	5	10	14
19891118	0	3	17
19891119	0	3.5	20
19891120	0	5.5	22
19891121	0	5	14
19891122	0	2	9
19891123	0	-1	12
19891124	0	-1	15
19891125	0	1	17
19891126	0	3	17
19891127	0	4	22
19891128	0	6	23
19891129	0	7	21
19891130	0	7	23
19891201	0	9	22
19891202	4	6	17
19891203	0	3	9
19891204	6.5	3	5
19891205	5	4	17
19891206	0	4	11
19891207	0	3	10
19891208	0	0	12
19891209	0	0	14
19891210	0	0	13
19891211	0	0	17
19891212	0	2	18
19891213	0	5	15
19891214	0	5	13
19891215	16	3	14
19891216	5	3	6
19891217	0	4	11
19891218	0	0	11
19891219	0	1	11
19891220	0	0	12
19891221	0	0	11
19891222	0	1	9
19891223	0	1	8
19891224	0	0	8
19891225	0	-2	13
19891226	0	-1	15
19891227	0	0	5
19891228	0	-1	4
19891229	0	0	7
19891230	0	-1	10
19891231	0	0	9
19900101	3	0	4
19900102	0	0	2
19900103	0	-1	4
19900104	0	-1	10
19900105	2	2	7
19900106	3	-1	4
19900107	4	-2	5
19900108	0	-4	-2
19900109	5	0	-3
19900110	0	-6	0
19900111	0	-5	0
19900112	0	-5	4
19900113	0	-6	7
19900114	0	-5	8
19900115	0	-4	9
19900116	0	-1	4
19900117	0	0	1
19900118	0	0	9
19900119	0	1	4
19900120	0	1	7
19900121	0	0	11
19900122	0	0	11
19900123	0	0	11
19900124	0	1	11
19900125	10	0	4
19900126	5.5	-3	-1
19900127	0	-12	-1
19900128	0	-11	4
19900129	0	-8	3
19900130	0	-2	4
19900131	0	-6	6
19900201	0	-5	9
19900202	0	-4	8
19900203	0	-3	7
19900204	0	-3	2
19900205	8	0	1
19900206	3.5	-3	-1
19900207	0	-3	-1
19900208	1	-3	3
19900209	0	-5	5
19900210	1.5	-5	7
19900211	2.5	-5	11
19900212	0	0	4
19900213	0	-1	9
19900214	0	-1	12
19900215	0	-1	15
19900216	8	4	10
19900217	0	2	14
19900218	0	2	15
19900219	0	2	16
19900220	0	4	17
19900221	11.5	1	6
19900222	0	-2	-1
19900223	4	-2	-1
19900224	0	-5	6
19900225	0	-4	3
19900226	0	-1	5
19900227	0	-2	10
19900228	0	-2	14
19900301	0	2	13
19900302	0	4	19
19900303	0	4	20
19900304	0	3	16
19900305	0	3	19
19900306	0	2	11
19900307	0	2	11
19900308	0	2	20
19900309	1	7	12
19900310	0	0	11
19900311	0	0	22
19900312	0	1	21
19900313	0	5	19
19900314	2	5	26
19900315	7	7	20
19900316	0	4	5
19900317	2.5	-4	5
19900318	0	-5	1
19900319	0	-4	9
19900320	2	-1	4
19900321	7.5	-3	4
19900322	0	-3	11
19900323	0	-2	19
19900324	0	2	19
19900325	0	4	19
19900326	0	5	15
19900327	0	5	14
19900328	0	2	15
19900329	0	2	16
19900330	0	4	15
19900331	2.5	6	12
19900401	0	5	19
19900402	0	6	18
19900403	0	7	15
19900404	2.5	4	12
19900405	15	5	9
19900406	6	6	13
19900407	13	7	10
19900408	5.5	5	10
19900409	2.5	5	14
19900410	0	4	16
19900411	0	5	15
19900412	0	5	18
19900413	0	8	24
19900414	0.5	11	20
19900415	0	11	20
19900416	0.5	11	20
19900417	2.5	6	13
19900418	0.5	12	18
19900419	0	12	19
19900420	2.5	8	16
19900421	0	6	19
19900422	0	9	25
19900423	0	9	22
19900424	0	10	19
19900425	0	9	22
19900426	0	9	24
19900427	0	11	27
19900428	0	12	29
19900429	0	15	32
19900430	0	17	25
19900501	0	14	22
19900502	0	10	27
19900503	0	14	34
19900504	0	16	28
19900505	0	12	25
19900506	0	13	27
19900507	1	15	32
19900508	0	13	24
19900509	0	11	24
19900510	0	12	27
19900511	0	14	29
19900512	0	15	32
19900513	4	20	30
19900514	0	11	23
19900515	0.5	11	16
19900516	0	7	22
19900517	0	9	23
19900518	0	10	29
19900519	0	13	34
19900520	0	17	31
19900521	0	15	31
19900522	0	16	29
19900523	0	15	26
19900524	0	12	25
19900525	0	12	29
19900526	0	14	28
19900527	0	13	28
19900528	0	12	25
19900529	0	13	26
19900530	0	15	27
19900531	0	17	26
19900601	0	20	26
19900602	0	19	29
19900603	0	19	31
19900604	0	21	35
19900605	0	21	33
19900606	0	19	34
19900607	0	16	27
19900608	0	15	28
19900609	0	16	30
19900610	0	17	32
19900611	0	19	32
19900612	0	18	32
19900613	0	18	32
19900614	0	19	34
19900615	0	18	35
19900616	0	20	38
19900617	0	21	39
19900618	0	21	34
19900619	0	19	35
19900620	0	21	35
19900621	0	21	38
19900622	0	20	34
19900623	0	18	33
19900624	0	18	31
19900625	0	18	33
19900626	0	34	34
19900627	0	20	38
19900628	0	21	36
19900629	0	21	37
19900630	0	20	32
19900701	0	18	29
19900702	0	18	32
19900703	0	17	31
19900704	0	18	31
19900705	0	20	32
19900706	0	21	31
19900707	0	20	30
19900708	0	18	31
19900709	0	19	30
19900710	0	18	31
19900711	0	18	33
19900712	0	18	30
19900713	0	18	30
19900714	0	17	33
19900715	0	18	32
19900716	0	20	34
19900717	0	21	33
19900718	0	19	33
19900719	0	18	33
19900720	0	21	34
19900721	0	20	33
19900722	0	17	32
19900723	0	19	34
19900724	0	20	36
19900725	0	22	35
19900726	0	20	32
19900727	0	19	33
19900728	0	20	34
19900729	0	19	34
19900730	0	20	37
19900731	0	24	33
19900801	0	19	31
19900802	0	18	29
19900803	0	17	31
19900804	0	17	33
19900805	0	17	33
19900806	0	18	34
19900807	0	20	37
19900808	0	22	37
19900809	0	21	36
19900810	0	22	37
19900811	0	22	36
19900812	0	21	34
19900813	0	22	31
19900814	0	18	30
19900815	0	17	32
19900816	0	17	34
19900817	0	19	33
19900818	0	19	32
19900819	0	19	33
19900820	0	19	35
19900821	0	19	34
19900822	0	19	30
19900823	0	17	31
19900824	0	17	31
19900825	0	16	32
19900826	0	16	32
19900827	0	18	32
19900828	0	17	30
19900829	0	16	30
19900830	0	16	28
19900831	0	15	28
19900901	0	16	34
19900902	0	17	31
19900903	0	18	27
19900904	0	13	27
19900905	0	13	29
19900906	0	12	30
19900907	0	13	31
19900908	0	14	31
19900909	0	15	31
19900910	0	15	32
19900911	0	16	32
19900912	0	18	34
19900913	0	16	37
19900914	0	18	37
19900915	0	19	33
19900916	0	15	31
19900917	0	14	29
19900918	0	13	30
19900919	0	13	30
19900920	0	13	31
19900921	0	12	34
19900922	0	14	29
19900923	0	14	29
19900924	0	14	27
19900925	0	13	28
19900926	0	12	28
19900927	0	11	30
19900928	0	12	30
19900929	0	11	29
19900930	0	11	28
19901001	0	12	29
19901002	0	13	29
19901003	0	11	27
19901004	0	12	29
19901005	0	12	24
19901006	0.5	10	15
19901007	0	5	22
19901008	0	6	26
19901009	0	12	23
19901010	0	7	23
19901011	0	8	25
19901012	0	9	26
19901013	0	9	23
19901014	0	9	26
19901015	2	5	19
19901016	0.5	1	14
19901017	0	0	18
19901018	0	2	14
19901019	0	2	15
19901020	0	2	20
19901021	0	3	24
19901022	0	6	22
19901023	0	8	25
19901024	0	8	25
19901025	0	9	24
19901026	0	8	28
19901027	0	10	21
19901028	0	8	19
19901029	0.5	6	23
19901030	0	8	18
19901031	0	6	19
19901101	0	7	22
19901102	0	7	17
19901103	0	6	22
19901104	0	7	25
19901105	0	10	25
19901106	0	8	23
19901107	0	8	27
19901108	0	7	25
19901109	0	8	27
19901110	0	10	26
19901111	0	10	21
19901112	0	9	26
19901113	0	7	20
19901114	11	3	7
19901115	1	2	16
19901116	0	2	12
19901117	0	1	5
19901118	0	0	13
19901119	0	0	18
19901120	0	0	19
19901121	0	2	20
19901122	0	4	13
19901123	0	2	19
19901124	0	2	18
19901125	0	4	19
19901126	0	4	17
19901127	0	3	16
19901128	0	1	14
19901129	0	1	19
19901130	0	2	18
19901201	0	5	20
19901202	0	4	19
19901203	0	5	19
19901204	0	5	18
19901205	0	4	21
19901206	0	8	20
19901207	0	8	23
19901208	0	3	11
19901209	0	2	13
19901210	0	1	5
19901211	15	1	3
19901212	0	1	3
19901213	0	0	7
19901214	0	-1	4
19901215	0	-3	-2
19901216	0	-5	8
19901217	0	2	16
19901218	0	2	16
19901219	4	1	9
19901220	4	-2	-1
19901221	0	-3	5
19901222	0.5	-3	-1
19901223	1	-3	0
19901224	0	-2	4
19901225	0	-2	1
19901226	37	-5	-4
19901227	0	-13	2
19901228	0	-11	-2
19901229	0	-7	1
19901230	0	-12	6
19901231	0	-10	8
19910101	0	-8	7
19910102	0	-7	10
19910103	0	-1	12
19910104	0	-1	11
19910105	6	0	5
19910106	0	-1	4
19910107	0	-3	12
19910108	0	-2	7
19910109	0	0	11
19910110	0	-2	7
19910111	0	-2	5
19910112	0	-4	8
19910113	0	-4	12
19910114	0	-2	10
19910115	11.5	-2.5	2
19910116	0	-1	5
19910117	0	-2.5	4
19910118	1	-2	6
19910119	0	-1	4
19910120	1.5	-1	2
19910121	1.5	0	2
19910122	1	-1	7
19910123	0.2	0	4
19910124	7	2	3
19910125	0.3	1	10
19910126	14	1	3
19910127	0	-2	8
19910128	0.5	-3	2
19910129	0	-1	6
19910130	0	-2	9
19910131	0	-2	13
19910201	0	2	13
19910202	1.5	3	14
19910203	0	2	11
19910204	3.5	2	12
19910205	0	3	6
19910206	2	-3	0
19910207	0	-7	0
19910208	3	-5	0
19910209	2.5	-3	0
19910210	0.5	-3	3
19910211	0.3	-2	0
19910212	7	-6	-3
19910213	2.5	-9	-6
19910214	0	-12	-4
19910215	0	-9	7
19910216	0	-4	12
19910217	0	-4	14
19910218	0	0	13
19910219	0	1	14
19910220	0	2	14
19910221	0	4	11
19910222	16	0	1
19910223	6	-1	1
19910224	0	-2	5
19910225	0	0	8
19910226	0	-1	9
19910227	0	-1	16
19910228	0	1	15
19910301	11.5	6	10
19910302	3	3	5
19910303	1.5	2	4
19910304	0.5	1	5
19910305	1	1	6
19910306	0	6	11
19910307	0.5	1	13
19910308	0	1	6
19910309	0	1	2
19910310	12	1	2
19910311	15	1	2
19910312	0	-6	6
19910313	0	-3	13
19910314	0	-3	17
19910315	10.5	5	11
19910316	19.5	1	4
19910317	1	1	6
19910318	0	1	14
19910319	0	2	14
19910320	14.5	6	12
19910321	5	4	4
19910322	0	1	11
19910323	0	1	16
19910324	0	3	13
19910325	5	5	12
19910326	1	5	10
19910327	20	6	10
19910328	0	8	13
19910329	0	8	17
19910330	0	8	18
19910331	0	8	19
19910401	6	11	10
19910402	0.5	6	18
19910403	0	7	20
19910404	0	9	26
19910405	0	9	21
19910406	0	7	18
19910407	7.5	8	14
19910408	0.5	5	17
19910409	0	6	18
19910410	0	8	23
19910411	1.5	11	20
19910412	0	9	17
19910413	42	7	6
19910414	12.5	4	10
19910415	5	4	11
19910416	0	4	17
19910417	0	7	24
19910418	0	10	27
19910419	0	12	22
19910420	0	10	21
19910421	0	10	26
19910422	0	12	27
19910423	0.4	14	25
19910424	0	12	24
19910425	0	14	27
19910426	0	14	26
19910427	0	14	21
19910428	0	11	22
19910429	0	12	21
19910430	0	11	17
19910501	0	11	23
19910502	0	12	24
19910503	0	13	25
19910504	2	12	18
19910505	0	8	19
19910506	0	7	19
19910507	1.4	7	19
19910508	0	10	23
19910509	0	11	25
19910510	0	12	27
19910511	3.5	13	18
19910512	0.5	8	18
19910513	0	8	22
19910514	0	10	24
19910515	2	14	22
19910516	0	11	22
19910517	0	12	30
19910518	0	15	25
19910519	3	11	21
19910520	19.5	9	20
19910521	0	10	24
19910522	0	12	28
19910523	0	13	22
19910524	0	9	20
19910525	0	10	19
19910526	0	10	23
19910527	0	12	26
19910528	0	13	28
19910529	0	14	30
19910530	0	16	33
19910531	0	18	32
19910601	0	17	32
19910602	0	17	33
19910603	0	19	33
19910604	0	16	27
19910605	0	16	28
19910606	0	15	27
19910607	0	16	30
19910608	0	16	29
19910609	0	14	26
19910610	0	15	27
19910611	0	16	32
19910612	0	17	34
19910613	0	19	30
19910614	0	16	30
19910615	0	16	29
19910616	0	16	30
19910617	0	17	30
19910618	0	16	28
19910619	0	17	28
19910620	0	16	31
19910621	0	16	32
19910622	0	17	32
19910623	0	17	28
19910624	0	11	26
19910625	0	11	28
19910626	0	15	31
19910627	0	16	32
19910628	0	16	33
19910629	0	18	35
19910630	0	18	33
19910701	0	18	34
19910702	0	19	34
19910703	0	20	35
19910704	0	20	35
19910705	0	19	35
19910706	0	20	35
19910707	0	19	39
19910708	0	20	42
19910709	0	21	33
19910710	0	18	34
19910711	0	19	32
19910712	0	20	29
19910713	0	16	31
19910714	0	15	27
19910715	0	14	29
19910716	0	16	31
19910717	0	16	30
19910718	0	16	30
19910719	0	16	33
19910720	0	18	34
19910721	0	20	34
19910722	0	20	34
19910723	0	18	33
19910724	0	18	34
19910725	0	19	34
19910726	0	20	34
19910727	0	21	33
19910728	0	18	34
19910729	0	20	35
19910730	0	19	35
19910731	0	18	34
19910801	0	18	33
19910802	0	17	33
19910803	0	17	35
19910804	0	19	36
19910805	0	20	37
19910806	0	20	37
19910807	0	19	33
19910808	0	16	32
19910809	0	15	32
19910810	0	14	32
19910811	0	14	33
19910812	0	16	35
19910813	0	18	32
19910814	0	18	31
19910815	0	16	32
19910816	0	17	34
19910817	0	18	34
19910818	0	18	36
19910819	0	18	32
19910820	0	17	30
19910821	0	13	29
19910822	0	12	29
19910823	0	9	29
19910824	0	8	32
19910825	0	13	32
19910826	0	15	33
19910827	0	16	33
19910828	0	15	30
19910829	0	15	31
19910830	0	15	32
19910831	0	15	33
19910901	0	15	33
19910902	0	15	34
19910903	0	17	35
19910904	0	17	32
19910905	0	16	31
19910906	0	14	31
19910907	0	15	33
19910908	0	16	34
19910909	0	17	31
19910910	0	18	31
19910911	0	15	29
19910912	0	12	28
19910913	0	12	30
19910914	0	12	31
19910915	0	12	29
19910916	0	14	25
19910917	0	10	25
19910918	0	10	25
19910919	0	9	31
19910920	0	10	33
19910921	0	15	35
19910922	0	15	34
19910923	0	15	30
19910924	0	14	30
19910925	0	13	25
19910926	1.5	10	21
19910927	17	5	12
19910928	1	5	14
19910929	0	5	18
19910930	0	5	20
19911001	0	7	22
19911002	0	9	21
19911003	0	8	22
19911004	0	9	25
19911005	0	11	25
19911006	0	11	23
19911007	0	10	24
19911008	0	9	23
19911009	0	9	18
19911010	0	7	22
19911011	0	6	19
19911012	0.5	5	17
19911013	0	6	18
19911014	0	2	19
19911015	0	2	21
19911016	0	5	18
19911017	1.5	7	17
19911018	0	8	20
19911019	0	8	25
19911020	0	10	25
19911021	0	9	23
19911022	0	6	22
19911023	0	7	21
19911024	0	8	24
19911025	0	9	24
19911026	0	10	25
19911027	0	10	27
19911028	0	9	28
19911029	0	7	23
19911030	0	7	22
19911031	0	7	26
19911101	0	7	19
19911102	0	7	23
19911103	0	6	19
19911104	0	5	20
19911105	0	5	25
19911106	0	5	18
19911107	0	5	15
19911108	1	5	11
19911109	0	5	15
19911110	0	2	17
19911111	0	3	18
19911112	3	5	13
19911113	0.5	2	15
19911114	0	3	15
19911115	0	3	11
19911116	0	2	9
19911117	0	0	12
19911118	0	0	13
19911119	0	1	14
19911120	0	-2	9
19911121	0	-1	11
19911122	0	1	8
19911123	0	0	10
19911124	0	-2	15
19911125	0	-2	16
19911126	0	0	12
19911127	0	-1	10
19911128	0	-2	10
19911129	0	-3	14
19911130	0	2	19
19911201	0	3	18
19911202	0	6	17
19911203	0	2	10
19911204	0	0	14
19911205	1	0	17
19911206	3	3	14
19911207	0	0	13
19911208	0	0	17
19911209	0	3	15
19911210	0.5	3	20
19911211	0	7	17
19911212	0	2	15
19911213	13.5	2	15
19911214	6.5	-1	3
19911215	6	-1	7
19911216	0.5	-1	11
19911217	0	-5	3
19911218	0	-5	3
19911219	0	-5	2
19911220	0	-5	4
19911221	0	-5	9
19911222	0	-5	8
19911223	0	-2	10
19911224	0	-4	10
19911225	0	-4	9
19911226	0.5	-4	5
19911227	0	-3	8
19911228	0	-3	12
19911229	0	-2	10
19911230	0	-3	10
19911231	0	-4	6
19920101	4	-4	8
19920102	0	-2	9
19920103	13	-2	10
19920104	1.5	0	7
19920105	3.5	-8	2
19920106	4	-8	3
19920107	0	-5	6
19920108	0	-5	6
19920109	7	-5	0
19920110	0	-12	0
19920111	0	-12	7
19920112	0	-5	5
19920113	0	-4	7
19920114	0	-4	8
19920115	0	-2	10
19920116	0	-1	14
19920117	0	1	11
19920118	0	-2	10
19920119	0	-3	13
19920120	0	0	12
19920121	0	1	13
19920122	15.5	-1	10
19920123	8.5	-3	10
19920124	6	-4	0
19920125	14.5	-6	-1
19920126	4	-9	0
19920127	0	-13	-6
19920128	0	-15	-2
19920129	0	-14	2
19920130	0	-12	4
19920131	0	-10	6
19920201	0	-3	8
19920202	0	-3	11
19920203	0	-1	9
19920204	1.5	-1	9
19920205	0	-1	9
19920206	0	0	9
19920207	0	-1	11
19920208	0	-1	11
19920209	0	0	11
19920210	0	0	6
19920211	2	-1	7
19920212	2	-7	10
19920213	0	-7	5
19920214	0	-6	10
19920215	0	-2	8
19920216	6	0	8
19920217	0	-9	7
19920218	0	-8	7
19920219	0	-2	12
19920220	0	-2	14
19920221	0	0	15
19920222	0	-1	11
19920223	0	-1	19
19920224	0	0	19
19920225	0.5	10	18
19920226	5.5	2	10
19920227	1.5	-4	1
19920228	1.5	-6	2
19920229	0	-6	4
19920301	1	-4	6
19920302	0	-4	6
19920303	0.4	-2	4
19920304	4	-3	2
19920305	0	-3	9
19920306	0	1	12
19920307	3.5	0	9
19920308	0	0	3
19920309	0	-2	0
19920310	59.88571429	-4.611111111	2.5
19920311	0	-12.61111111	3.75
19920312	0	-11.61111111	4.375
19920313	18	-10	5
19920314	0	-8	12
19920315	0	-1	10
19920316	3.5	0	12
19920317	0.5	2	11
19920318	2	8	9
19920319	10.5	3	7
19920320	0	-2	8
19920321	0	-3	7
19920322	0	-4	7
19920323	0.5	0	11
19920324	2.5	1	11
19920325	0.5	0	6
19920326	0	-1	7
19920327	0	-2	11
19920328	0	-2	14
19920329	0.5	1	14
19920330	0	3	18
19920331	0	6	17
19920401	14.5	5	12
19920402	2	4	16
19920403	4	4	12
19920404	0	1	15
19920405	1.5	3	11
19920406	0	2	15
19920407	0	3	14
19920408	0	3	11
19920409	0	4	19
19920410	0	5	20
19920411	1	7	14
19920412	0	2	22
19920413	0	6	27
19920414	0	10	28
19920415	0	12	26
19920416	3.5	7	17
19920417	0	5	14
19920418	0	4	12
19920419	20	8	10
19920420	4	4	11
19920421	0	4	22
19920422	0	4	23
19920423	16	10	20
19920424	7	9	15
19920425	1.5	6	23
19920426	0.2	10	23
19920427	0	10	22
19920428	4	8	17
19920429	0	8	21
19920430	3	7	15
19920501	11	4	7
19920502	1.5	2	6
19920503	0	1	8
19920504	0	0	14
19920505	1.5	2	10
19920506	0	1	15
19920507	0	3	14
19920508	0	7	17
19920509	0	7	22
19920510	0	9	27
19920511	8	12	24
19920512	1.5	10	14
19920513	19	10	22
19920514	0	9	18
19920515	0.5	9	17
19920516	0.4	8	21
19920517	0	9	24
19920518	0	11	26
19920519	0	14	26
19920520	3.5	12	25
19920521	0	11	18
19920522	0	12	22
19920523	0.5	10	22
19920524	3.5	11	22
19920525	10.5	12	22
19920526	0	10	20
19920527	0	8	20
19920528	0	7	21
19920529	0	8	26
19920530	0	11	30
19920531	0	14	30
19920601	13.5	16	26
19920602	0	12	29
19920603	0	15	29
19920604	31	12	28
19920605	0	13	26
19920606	23	9	25
19920607	0	11	25
19920608	2.5	11	27
19920609	0	13	27
19920610	0	14	29
19920611	0	15	29
19920612	1.5	16	28
19920613	1	14	23
19920614	0	13	25
19920615	0	13	23
19920616	0	14	30
19920617	0	15	32
19920618	0	15	34
19920619	0	17	38
19920620	0	17	38
19920621	0	15	31
19920622	0	16	32
19920623	0	17	33
19920624	0	18	34
19920625	0	18	34
19920626	0	18	35
19920627	0	19	35
19920628	0	20	36
19920629	0	22	34
19920630	0	19	34
19920701	0	19	33
19920702	0	18	32
19920703	0	16	34
19920704	0	18	36
19920705	0	19	37
19920706	0	21	37
19920707	0	21	36
19920708	0	18	32
19920709	0	17	32
19920710	0	17	34
19920711	0	18	34
19920712	0	18	31
19920713	0	16	32
19920714	0	15	30
19920715	0	15	31
19920716	0	16	32
19920717	0	16	35
19920718	0	18	32
19920719	0	18	33
19920720	0	18	33
19920721	0	18	34
19920722	0	19	33
19920723	0	19	35
19920724	0	19	34
19920725	0	18	34
19920726	0	19	35
19920727	0	21	36
19920728	0	22	34
19920729	0	20	33
19920730	0	18	34
19920731	0	17	32
19920801	0	18	34
19920802	0	17	33
19920803	0	18	32
19920804	0	18	31
19920805	0	17	32
19920806	0	18	32
19920807	0	18	30
19920808	0	13	27
19920809	0	13	28
19920810	0	15	31
19920811	0	16	32
19920812	0.5	15	27
19920813	0	15	27
19920814	0	12	27
19920815	0	11	28
19920816	0	12	29
19920817	0	14	29
19920818	0	12	29
19920819	0	14	31
19920820	0	15	31
19920821	0	17	32
19920822	0	16	33
19920823	0	17	36
19920824	0	18	36
19920825	0	19	36
19920826	0	18	35
19920827	0	17	28
19920828	0	15	27
19920829	0	15	27
19920830	0	12	24
19920831	0	11	20
19920901	0	8	22
19920902	0	10	25
19920903	0	12	27
19920904	0	14	27
19920905	0	15	29
19920906	0	11	28
19920907	0	11	28
19920908	0	12	27
19920909	0	11	26
19920910	0	9	26
19920911	0	9	27
19920912	0	10	28
19920913	0	11	28
19920914	0	10	28
19920915	0	11	28
19920916	0	12	28
19920917	0	12	30
19920918	0	13	31
19920919	0	13	27
19920920	0	10	28
19920921	0	11	30
19920922	0	17	28
19920923	0	12	27
19920924	0	11	29
19920925	0	13	35
19920926	0	15	30
19920927	0	11	25
19920928	0	11	28
19920929	0	10	21
19920930	0	6	18
19921001	0	4	18
19921002	0	4	21
19921003	0	5	25
19921004	0	8	26
19921005	0	8	26
19921006	0	4	20
19921007	0	4	10
19921008	0.5	4	14
19921009	0	4	24
19921010	0	7	27
19921011	0	9	31
19921012	0	10	24
19921013	0	10	28
19921014	0	10	28
19921015	0	9	20
19921016	0	1	12
19921017	0	1	15
19921018	0	0	19
19921019	0	0	22
19921020	0	1	23
19921021	0	4	23
19921022	0	5	22
19921023	0	6	23
19921024	0	9	25
19921025	0	10	28
19921026	0	6	25
19921027	0	6	25
19921028	0	5	26
19921029	0	7	24
19921030	0	6	19
19921031	0	5	21
19921101	0	5	20
19921102	0	6	24
19921103	0	5	17
19921104	0	5	15
19921105	0	-2	14
19921106	0	4	21
19921107	0	5	23
19921108	0	8	26
19921109	0	6	19
19921110	0	6	22
19921111	0	8	22
19921112	0	6	22
19921113	0	7	20
19921114	0	6	24
19921115	0	7	17
19921116	0	8	20
19921117	0	8	15
19921118	0	2	9
19921119	0	-1	16
19921120	0	2	12
19921121	0	-5	14
19921122	0	5	20
19921123	0	6	26
19921124	0	8	24
19921125	0	8	24
19921126	0	8	22
19921127	4	-2	5
19921128	0	-4	16
19921129	0	-1	18
19921130	0	0	15
19921201	0	0	11
19921202	0	-1	12
19921203	0	-3	7
19921204	1.5	1	4
19921205	12.5	-1	7
19921206	0	-1	6
19921207	0	-2	7
19921208	0	-2	11
19921209	1	1	7
19921210	21.5	-1	6
19921211	0	-2	5
19921212	0	0	12
19921213	0	4	15
19921214	0	3	14
19921215	0	4	15
19921216	0	4	19
19921217	0	5	13
19921218	0	5	14
19921219	0.5	4	8
19921220	2	2	6
19921221	0	2	6
19921222	5	2	10
19921223	18.5	-2	5
19921224	0	-2	3
19921225	0	0	6
19921226	0	-1	7
19921227	0.5	-2	5
19921228	2	0	10
19921229	0	-5	3
19921230	0	-4	3
19921231	1	-3	8
19930101	0	-5	7
19930102	0	-5	4
19930103	0	-5	5
19930104	0	-4	2
19930105	2.5	-4	0
19930106	0	-3	-1
19930107	0.5	-7	0
19930108	4	-9	-2
19930109	4.5	-9	4
19930110	0	-4	4
19930111	0	-6	0
19930112	0	-6	4
19930113	0	-7	4
19930114	0	-6	2
19930115	0	-5	-2
19930116	3.5	-9	4
19930117	0	-6	0
19930118	0	-7	2
19930119	0	-5	0
19930120	0	-10	2
19930121	0	-9	4
19930122	0	-8	7
19930123	0	-7	7
19930124	0	-5	10
19930125	0	-4	10
19930126	0	-2	13
19930127	0	-1	19
19930128	0	0	16
19930129	0	1	17
19930130	0	2	12
19930131	0	0	11
19930201	2	0	8
19930202	1.5	-2	10
19930203	0	0	16
19930204	19	-3	9
19930205	9.5	-3	0
19930206	25	0	1
19930207	0	-3	1
19930208	0	-5	11
19930209	0	-4	11
19930210	0	-2	4
19930211	0	-5	11
19930212	0	-4	15
19930213	7	-2	4
19930214	2.5	-2	1
19930215	9.5	-2	3
19930216	0	0	0
19930217	11	-13	-1
19930218	0	-11	4
19930219	0	-9	10
19930220	0	-2	9
19930221	0	-2	11
19930222	1	-2	12
19930223	0.5	-1	8
19930224	1	-1	6
19930225	0.5	-2	7
19930226	0	-2	6
19930227	0	-2	10
19930228	0	-2	15
19930301	7.5	1	10
19930302	18	-4	0
19930303	5	-10	6
19930304	2	3	12
19930305	0.5	2	13
19930306	2.5	3	15
19930307	0.5	9	19
19930308	0	6	22
19930309	0.5	7	19
19930310	0	4	13
19930311	14.5	0	2
19930312	1	-1	7
19930313	2	-1	5
19930314	2	-5	2
19930315	0	-6	8
19930316	0	-5	5
19930317	0	-4	7
19930318	0	-2	10
19930319	0	-1	18
19930320	3.5	4	16
19930321	0	4.5	11
19930322	0	3	12.5
19930323	0	1	5
19930324	0	3	7
19930325	0	1	11
19930326	0	2	16
19930327	0	2.5	16
19930328	0	3.5	15
19930329	0	3.5	13.5
19930330	0	3	18
19930331	0	4	17
19930401	0	4.5	15
19930402	0	4.5	17
19930403	0	3	18
19930404	0	4.5	14
19930405	0	5.5	16
19930406	0	6.5	18
19930407	0	6	19
19930408	0	6.5	25
19930409	0	10.5	24
19930410	0	9	26
19930411	0	8	23
19930412	0	8.5	19
19930413	19	9.5	10
19930414	5	6	14
19930415	1	6	12
19930416	0	7.5	18
19930417	0	9	24
19930418	0	10.5	26
19930419	0	10.5	27
19930420	0	9.5	22
19930421	0	13	26
19930422	0	10	25
19930423	13	12	22
19930424	18	0	7
19930425	0.5	1	12
19930426	0.5	4	15
19930427	5.5	6	17
19930428	6.5	6	13
19930429	1	6	12
19930430	0.2	13	21
19930501	3.5	10	25
19930502	0	10	25
19930503	0	11	28
19930504	0	16	24
19930505	5.5	11	22
19930506	0	12	23
19930507	3.5	14	27
19930508	23	7	14
19930509	6	1	10
19930510	0.5	2	13
19930511	0	2	15
19930512	0	5	19
19930513	0	8	23
19930514	0	12	27
19930515	0	10	24
19930516	0	9	26
19930517	0	13	27
19930518	0	13	30
19930519	0	15	30
19930520	3	15	31
19930521	1.5	15	31
19930522	3.5	13	25
19930523	0	13	31
19930524	6.5	16	25
19930525	1	13	21
19930526	0	10	27
19930527	0	13	31
19930528	0	16	28
19930529	17	15	22
19930530	6	11	20
19930531	0	13	25
19930601	3	14	23
19930602	3	13	21
19930603	1	13	27
19930604	4	13	28
19930605	7	13	24
19930606	0.5	11	24
19930607	0	13	30
19930608	0	16	33
19930609	0	17	33
19930610	0	18	35
19930611	0	18	32
19930612	0	21	26
19930613	0	15	28
19930614	0	15	29
19930615	0	16	32
19930616	0	17	34
19930617	0	18	37
19930618	0	20	38
19930619	0	20	38
19930620	0	17	32
19930621	0	18	34
19930622	0	17	28
19930623	0	14	24
19930624	0	14	27
19930625	0	15	29
19930626	0	15	31
19930627	0	17	33
19930628	0	19	36
19930629	0	19	36
19930630	0	18	35
19930701	0	20	36
19930702	0	20	36
19930703	0	20	37
19930704	0	22	37
19930705	0	22	32
19930706	0	18	32
19930707	0	18	32
19930708	0	18	32
19930709	0	18	32
19930710	0	17	33
19930711	0	17	32
19930712	0	18	34
19930713	0	19	34
19930714	0	20	34
19930715	0	19	33
19930716	0	20	32
19930717	0	23	33
19930718	0	19	32
19930719	0	19	33
19930720	0	21	33
19930721	0	22	34
19930722	0	22	30
19930723	0	18	32
19930724	0	18	34
19930725	0	18	35
19930726	0	18	33
19930727	0	19	33
19930728	0	19	32
19930729	0	16	30
19930730	0	16	30
19930731	0	16	30
19930801	0	14	30
19930802	0	14	32
19930803	0	14	31
19930804	0	13	30
19930805	0	14	30
19930806	0	15	32
19930807	0	17	33
19930808	0	17	33
19930809	0	17	30
19930810	0	17	31
19930811	0	19	33
19930812	0	16	32
19930813	0	17	33
19930814	0	17	33
19930815	0	17	34
19930816	0	17	35
19930817	0	18	30
19930818	0	17	29
19930819	0	15	31
19930820	0	15	32
19930821	0	15	32
19930822	0	16	32
19930823	0	16	32
19930824	0	16	28
19930825	0	14	29
19930826	0	13	30
19930827	0	15	33
19930828	0	16	37
19930829	0	16	33
19930830	0	17	34
19930831	0	18	33
19930901	0	18	33
19930902	0	16	33
19930903	0	16	34
19930904	0	16	37
19930905	0	17	33
19930906	0	16	32
19930907	0	16	33
19930908	0	15	33
19930909	0	16	31
19930910	0	15	29
19930911	0	14	29
19930912	0	13	30
19930913	0	12	33
19930914	0	15	35
19930915	0	17	32
19930916	0	13	25
19930917	0	10	32
19930918	0	11	31
19930919	0	12	30
19930920	0	13	32
19930921	0	13	30
19930922	0	14	26
19930923	0	11	22
19930924	0	8	27
19930925	0	12	27
19930926	0	11	25
19930927	0	9	23
19930928	0	8	23
19930929	0	8	29
19930930	0	9	29
19931001	0	12	33
19931002	0	14	27
19931003	0	10	20
19931004	0	8	19
19931005	0	5	13
19931006	0	4	10
19931007	0	0	12
19931008	0	2	12
19931009	0	1	15
19931010	0	1	19
19931011	0	2	23
19931012	0	3	20
19931013	0	5	22
19931014	0	5	22
19931015	0	5	21
19931016	0	5	20
19931017	0	6	21
19931018	0	5	20
19931019	0	5	21
19931020	0	5	20
19931021	0	4	19
19931022	0	4	18
19931023	0	4	19
19931024	0	4	19
19931025	0	3	17
19931026	0	0	18
19931027	0	2	23
19931028	0	6	23
19931029	0.5	7	21
19931030	0	6	17
19931031	0	5	23
19931101	0	7	14
19931102	0	3	18
19931103	0	2	12
19931104	0	2	9
19931105	0	2	12
19931106	0	1	12
19931107	0	3	15
19931108	0	2	15
19931109	0	2	18
19931110	0	3	20
19931111	0	9	21
19931112	0	5	21
19931113	4	3	14
19931114	0.5	1	21
19931115	0	3	10
19931116	0	3	7
19931117	0.5	3	3
19931118	0	4	13
19931119	0	2	19
19931120	0	1	10
19931121	0	1	6
19931122	0	2	5
19931123	0	5	7
19931124	0	2	13
19931125	0	3	7
19931126	0	5	6
19931127	0	4	5
19931128	2.5	3	6
19931129	9	2	2
19931130	1.5	5	2
19931201	0	5	4
19931202	0	2	4
19931203	0.5	4	1
19931204	1	4	0
19931205	0	3	11
19931206	8.5	1	6
19931207	0	3	6
19931208	0	3	5
19931209	1	3	1
19931210	0	3	10
19931211	0	3	12
19931212	0.5	0	9
19931213	0	3	11
19931214	0	1	16
19931215	0	2	12
19931216	0	2	6
19931217	0	5	8
19931218	0	1	14
19931219	0	0	15
19931220	0	2	7
19931221	0	2	10
19931222	0	3	15
19931223	0	3	17
19931224	0	5	14
19931225	0	4	11
19931226	0	2	16
19931227	0	1	12
19931228	0	0	9
19931229	0	1	15
19931230	0	2	13
19931231	0	2	7
19940101	0.2	0	4
19940102	1.5	2	4
19940103	0.7	1	10
19940104	0	1	12
19940105	0	5	17
19940106	4	2	12
19940107	0	3	9
19940108	0	3	5
19940109	0	3	7
19940110	0	6	5
19940111	0	5	12
19940112	0	5	14
19940113	0	4	9
19940114	0	4	8
19940115	0	5	10
19940116	0	4	6
19940117	1	2	8
19940118	1	2	5
19940119	0	4	7
19940120	0	5	10
19940121	2	2	7
19940122	9.5	7	3
19940123	0	7	4
19940124	11.5	4	4
19940125	7	6	3
19940126	0	4	9
19940127	0	3	9
19940128	0	4	9
19940129	0	1	13
19940130	0	0	7
19940131	0	0	14
19940201	0	0	14
19940202	1	0	13
19940203	0	2	5
19940204	7	6	2
19940205	0	6	7
19940206	0	2	7
19940207	0.5	3	0
19940208	0	4	10
19940209	1	2	7
19940210	2.5	7	0
19940211	0	7	1
19940212	0	4	6
19940213	0	2	4
19940214	0	2	4
19940215	3	5	-1
19940216	1	7	-1
19940217	0.5	5	0
19940218	0	7	-4
19940219	0	10	-2
19940220	0	9	1
19940221	0	6	11
19940222	0	2	9
19940223	0	1	12
19940224	1.5	3	2
19940225	0	2	3
19940226	0.2	2	11
19940227	0	0.2	16
19940228	0	0	13
19940301	0	0	6
19940302	15	3	6
19940303	0	3	13
19940304	0	0	14
19940305	0	1	17
19940306	0	2	18
19940307	0	2	22
19940308	0.2	5	18
19940309	7	2	8
19940310	2	2	12
19940311	15	2	7
19940312	2	2	15
19940313	15	3	12
19940314	0	1	12
19940315	0.5	0	12
19940316	0	1	13
19940317	0	3	12
19940318	0	1	17
19940319	0	4	18
19940320	0	3	20
19940321	0	4	17
19940322	0	4	23
19940323	0	5	19
19940324	2.5	5	7
19940325	1.5	1	6
19940326	0.5	1	19
19940327	5.5	4	17
19940328	3	7	16
19940329	0.5	5	17
19940330	0	5	20
19940331	0	5	20
19940401	0	5	16
19940402	0	5	24
19940403	12	5	21
19940404	6.5	1	5
19940405	1	2	6
19940406	0	3	10
19940407	0	0	16
19940408	0.5	0	10
19940409	0	2	14
19940410	0	1	20
19940411	0	1	20
19940412	0	5	18
19940413	0	5	18
19940414	0	5	17
19940415	0	4	22
19940416	0	5	21
19940417	0	7	20
19940418	0	8	22
19940419	0	9	19
19940420	0	6	22
19940421	0	6	23
19940422	0	7	26
19940423	0	8	31
19940424	0	12	32
19940425	0	13	33
19940426	0.5	15	34
19940427	0	15	32
19940428	0	15	25
19940429	4.5	12	25
19940430	0	5	18
19940501	1.5	8	24
19940502	0	10	22
19940503	0	8	25
19940504	0	9	29
19940505	0	19	29
19940506	3	15	28
19940507	5.5	10	27
19940508	0	12	22
19940509	0	9	26
19940510	0	10	29
19940511	0	13	28
19940512	0	13	28
19940513	0	13	32
19940514	0.5	16	30
19940515	0.5	12	29
19940516	0	14	31
19940517	0	14	29
19940518	0	12	21
19940519	0	10	20
19940520	0	9	23
19940521	0	11	29
19940522	0	11	28
19940523	0	13	29
19940524	0	12	28
19940525	0	12	29
19940526	0	12	30
19940527	0	14	32
19940528	0	15	33
19940529	0	17	33
19940530	0	16	32
19940531	0	15	30
19940601	0	15	32
19940602	0	16	34
19940603	0	18	35
19940604	0	16	31
19940605	0	15	28
19940606	0	12	28
19940607	0	12	29
19940608	0	12	30
19940609	0	15	30
19940610	0	16	31
19940611	0	16	30
19940612	0	17	31
19940613	0	16	32
19940614	0	17	32
19940615	0	16	34
19940616	0	19	34
19940617	0	20	39
19940618	0	18	32
19940619	0	17	33
19940620	0	17	34
19940621	0	18	34
19940622	0	18	36
19940623	0	18	32
19940624	0	19	28
19940625	0	15	32
19940626	0	17	34
19940627	0	17	34
19940628	0	16	33
19940629	0	18	33
19940630	0	18	33
19940701	0	17	30
19940702	0	16	29
19940703	0	15	32
19940704	0	17	34
19940705	0	17	36
19940706	0	18	36
19940707	0	18	34
19940708	0	19	36
19940709	0	20	35
19940710	0	20	32
19940711	0	19	30
19940712	0	16	30
19940713	0	16	32
19940714	0	17	30
19940715	0	16	34
19940716	0	18	35
19940717	0	18	35
19940718	0	17	35
19940719	0	17	35
19940720	0	18	35
19940721	0	18	36
19940722	0	18	35
19940723	0	18	35
19940724	0	20	35
19940725	0	20	35
19940726	0	21	36
19940727	0	19	34
19940728	0	17	33
19940729	0	18	34
19940730	0	18	33
19940731	0	17	35
19940801	0	19	37
19940802	0	21	38
19940803	0	22	37
19940804	0	21	37
19940805	0	21	38
19940806	0	20	34
19940807	0	19	32
19940808	0	17	31
19940809	0	16	30
19940810	0	16	30
19940811	0	15	34
19940812	0	17	35
19940813	0	18	36
19940814	0	19	35
19940815	0	20	34
19940816	0	19	33
19940817	0	18	32
19940818	0	16	33
19940819	0	17	34
19940820	0	18	35
19940821	0	19	37
19940822	0	18	33
19940823	0	19	32
19940824	0	22	35
19940825	0	19	34
19940826	0	18	33
19940827	0	17	32
19940828	0	17	34
19940829	0	17	34
19940830	0	17	35
19940831	0	16	31
19940901	0	23	30
19940902	0	12	29
19940903	0	13	30
19940904	0	13	26
19940905	0	11	23
19940906	0	10	22
19940907	0	5	23
19940908	0	6	25
19940909	0	8	26
19940910	0	12	26
19940911	0	10	27
19940912	0	11	29
19940913	0	11	27
19940914	0	7	24
19940915	0	7	22
19940916	0	6	22
19940917	0	5	23
19940918	0	8	25
19940919	0	9	23
19940920	0	5	19
19940921	0	7	21
19940922	0	7	23
19940923	0	9	26
19940924	0	10	25
19940925	0	9	25
19940926	0	9	25
19940927	0	9	27
19940928	0	9	27
19940929	0	10	28
19940930	0	9	27
19941001	0	10	24
19941002	2	11	22
19941003	7	12	21
19941004	3.5	10	23
19941005	0	9	21
19941006	0	8	21
19941007	0	7	20
19941008	0	7	19
19941009	0	12	18
19941010	0	6	21
19941011	0	6	20
19941012	0	5	14
19941013	0	5	19
19941014	0	5	22
19941015	0	5	26
19941016	0.5	7	20
19941017	0	3	20
19941018	0	5	22
19941019	0	6	26
19941020	0	12	27
19941021	0	8	17
19941022	0	7	24
19941023	0	6	14
19941024	0	5	10
19941025	7	2	5
19941026	0	1	12
19941027	0	1	11
19941028	0	2	18
19941029	0	2	18
19941030	0	3	17
19941031	0	4	21
19941101	0	8	21
19941102	0	8	19
19941103	0	5	19
19941104	0	5	22
19941105	0	18	25
19941106	0	18	22
19941107	0.4	5	11
19941108	0	5	24
19941109	0	8	18
19941110	0	4	12
19941111	0	1	15
19941112	0	1	15
19941113	0	2	18
19941114	0	4	20
19941115	0	5	18
19941116	0	3	14
19941117	0	2	20
19941118	2.5	8	18
19941119	0	5	17
19941120	0	5	18
19941121	0	5	21
19941122	0	7	22
19941123	0	10	22
19941124	0	14	22
19941125	7.5	5	10
19941126	2	4	13
19941127	0	2	14
19941128	0	3	20
19941129	0	3	16
19941130	0	4	17
19941201	2	5	14
19941202	0	3	10
19941203	0	2	18
19941204	5	2	14
19941205	13.5	1	11
19941206	0	3	4
19941207	4	8	-3
19941208	0	11	-2
19941209	0	10	3
19941210	0	7	5
19941211	0	7	8
19941212	0	3	9
19941213	0	3	10
19941214	0	0	11
19941215	0	1	11
19941216	0	0	10
19941217	0	1	13
19941218	0	1	11
19941219	0	1	13
19941220	0	1	19
19941221	1	2	18
19941222	1	5	3
19941223	0	5	4
19941224	0	8	-1
19941225	0	6	0
19941226	0	7	2
19941227	0	7	4
19941228	0	7	6
19941229	0	5	11
19941230	0	2	12
19941231	0	2	10
19950101	0	0	10
19950102	14	1	10
19950103	0	0	12
19950104	0	0	17
19950105	0	1	16
19950106	0	1	14
19950107	1.5	4	1
19950108	1	4	0
19950109	0	9	2
19950110	0	8	7
19950111	0	6	13
19950112	0.5	0	13
19950113	0	1	12
19950114	0	1	9
19950115	0	2	11
19950116	0	3	12
19950117	0	3	17
19950118	6.5	2	13
19950119	0	2	8
19950120	0	2	9
19950121	1	1	4
19950122	0	3	7
19950123	0	3	4
19950124	0	3	7
19950125	0	5	3
19950126	0	5	13
19950127	0	1	9
19950128	0	2	12
19950129	0	2	17
19950130	0	1	15
19950131	0	1	16
19950201	0	3	16
19950202	0	1	14
19950203	0	0	11
19950204	0	2	17
19950205	0	1	17
19950206	0.5	1	15
19950207	8.5	1	9
19950208	0	1	14
19950209	4	3	15
19950210	11.5	1	15
19950211	0	1	12
19950212	0	1	8
19950213	0	1	8
19950214	0	3	7
19950215	0	3	10
19950216	4	2	6
19950217	12.5	1	2
19950218	0	5	3
19950219	0	7	3
19950220	0	8	5
19950221	0	5	12
19950222	0	3	13
19950223	0	1	14
19950224	13	1	6
19950225	8	5	0
19950226	0	9	3
19950227	0	9	5
19950228	0	5	7
19950301	0	5	10
19950302	0	3	13
19950303	0.5	0	7
19950304	0	2	8
19950305	0	4	5
19950306	0	5	10
19950307	0	5	10
19950308	0	4	12
19950309	0	3	13
19950310	0	2	12
19950311	0	0	13
19950312	0	1	17
19950313	0	2	21
19950314	0	6	15
19950315	0	1	11
19950316	0	1	16
19950317	0.5	6	19
19950318	3	5	11
19950319	0.8	2	12
19950320	0.5	2	10
19950321	18.5	4	8
19950322	7	5	9
19950323	0	4	9
19950324	0	2	11
19950325	0	2	20
19950326	0	5	21
19950327	6	5	18
19950328	6	2	12
19950329	0	0	14
19950330	0	1	17
19950331	0	2	19
19950401	0	4	19
19950402	0	5	24
19950403	0	8	26
19950404	0	9	29
19950405	0	11	23
19950406	3	9	20
19950407	0.5	5	11
19950408	0	2	12
19950409	0	4	20
19950410	0	5	23
19950411	0	5	27
19950412	0	11	27
19950413	0	14	22
19950414	0.5	10	22
19950415	0.7	7	22
19950416	1	8	17
19950417	4.5	6	17
19950418	4.5	6	19
19950419	0	6	25
19950420	0	7	24
19950421	2.5	8	21
19950422	4	13	21
19950423	1	8	19
19950424	0	10	15
19950425	5	7	14
19950426	0.5	6	12
19950427	0	9	19
19950428	0	6	20
19950429	1	8	22
19950430	1	6	26
19950501	1	9	25
19950502	0.5	8	22
19950503	0	9	30
19950504	0	13	26
19950505	0	14	32
19950506	0	16	33
19950507	0	16	35
19950508	0	16	30
19950509	0	12	26
19950510	0	10	27
19950511	0	11	26
19950512	0	11	27
19950513	0	11	27
19950514	0	11	25
19950515	0	14	24
19950516	0	14	27
19950517	0	10	33
19950518	0	11	27
19950519	0	9	26
19950520	0	11	27
19950521	0	11	28
19950522	0	12	29
19950523	0	12	25
19950524	0	11	24
19950525	0	9	24
19950526	0	7	23
19950527	0	6	26
19950528	1.5	12	23
19950529	0	7	24
19950530	0	10	26
19950531	0	10	26
19950601	0	10	27
19950602	0	12	29
19950603	0	14	29
19950604	0	15	31
19950605	0	16	32
19950606	0	16	34
19950607	0	18	35
19950608	14	17	33
19950609	0.2	15	33
19950610	0	15	32
19950611	0	16	35
19950612	0	17	33
19950613	0	16	32
19950614	0	16	31
19950615	0	16	34
19950616	0	16	34
19950617	0	18	33
19950618	0	20	32
19950619	0	18	33
19950620	0	17	33
19950621	0	18	34
19950622	0	18	36
19950623	0.5	20	32
19950624	0	13	25
19950625	0	14	27
19950626	0	13	29
19950627	0	15	30
19950628	7.5	15	30
19950629	0	17	36
19950630	0	20	39
19950701	0	22	38
19950702	0	19	34
19950703	0	19	36
19950704	0	20	37
19950705	0	22	34
19950706	0	20	34
19950707	0	20	35
19950708	0	20	35
19950709	0	21	37
19950710	0	21	36
19950711	0	21	38
19950712	0	20	37
19950713	0	20	40
19950714	0	22	40
19950715	0	22	38
19950716	0	22	42
19950717	0	24	38
19950718	0	21	35
19950719	0	18	34
19950720	0	17	34
19950721	0	17	36
19950722	0	20	37
19950723	0	20	35
19950724	0	19	31
19950725	0	16	30
19950726	0	16	31
19950727	0	17	34
19950728	0	19	37
19950729	0	20	37
19950730	0	19	36
19950731	0	19	35
19950801	0	20	37
19950802	0	23	37
19950803	0	21	38
19950804	0	21	39
19950805	0	21	36
19950806	0	18	34
19950807	0	16	32
19950808	0	15	34
19950809	0	17	34
19950810	0	17	35
19950811	0	20	37
19950812	0	22	40
19950813	0	20	37
19950814	0	22	32
19950815	0	17	32
19950816	0	16	33
19950817	0	17	34
19950818	0	18	38
19950819	0	20	37
19950820	0	20	33
19950821	0	17	32
19950822	0	16	37
19950823	0	19	37
19950824	0	20	33
19950825	0	16	31
19950826	0	13	33
19950827	0	15	33
19950828	0	17	33
19950829	0	16	33
19950830	0	15	30
19950831	0	15	32
19950901	0	15	33
19950902	0	17	26
19950903	0	10	25
19950904	0	10	27
19950905	0	10	27
19950906	0	11	29
19950907	0	12	30
19950908	0	13	30
19950909	0	13	32
19950910	0	9	33
19950911	0	16	32
19950912	0	15	32
19950913	0	14	30
19950914	0	13	29
19950915	0	13	30
19950916	0	13	28
19950917	0	14	33
19950918	0	15	33
19950919	0	15	36
19950920	0	15	35
19950921	0	16	28
19950922	35.5	9	21
19950923	0	5	21
19950924	0	8	27
19950925	0	12	29
19950926	0	14	31
19950927	0	13	23
19950928	0	9	20
19950929	0	7	23
19950930	0	8	22
19951001	0	9	25
19951002	0	9	23
19951003	0	9	27
19951004	0	11	31
19951005	0	13	28
19951006	0	11	25
19951007	0	10	26
19951008	0	10	23
19951009	0	9	23
19951010	0	8	22
19951011	0	9	27
19951012	0	11	26
19951013	0	11	20
19951014	1.5	6	13
19951015	0	5	19
19951016	0	5	23
19951017	0	6	12
19951018	0	-3	8
19951019	0	-6	11
19951020	0	-5	15
19951021	0	-1	18
19951022	0	2	23
19951023	0	7	23
19951024	0	7	20
19951025	0	4	12
19951026	0	2	15
19951027	0	1	17
19951028	0	1	17
19951029	0	1	19
19951030	0	3	23
19951031	0	8	26
19951101	0	8	26
19951102	0	6	23
19951103	0	6	24
19951104	0	9	25
19951105	0	10	22
19951106	0	7	20
19951107	0	6	21
19951108	0	6	25
19951109	0	8	26
19951110	0	10	26
19951111	0	10	25.5
19951112	0	8	23
19951113	0	1	16
19951114	0	1	18
19951115	0	0	14.5
19951116	0	0	12
19951117	0	0	19
19951118	0	0	21
19951119	0	3	22
19951120	0	2	21
19951121	0	3	22
19951122	0	2	22
19951123	0	3	20
19951124	0	5	22
19951125	0	5	20
19951126	0	2	14
19951127	0	-3	6
19951128	0	-5	5
19951129	0	-5	9
19951130	0	-2	11
19951201	0	-2	12
19951202	0	-1	13
19951203	0	-2	7
19951204	0	-3	10
19951205	5.5	0	7
19951206	1	-1	5
19951207	0.5	1	4
19951208	0	-1	2
19951209	0	-2	4
19951210	0	-2	2
19951211	0	-7	2.5
19951212	0	-7	3
19951213	0	-6	2
19951214	0	-5	2.5
19951215	0	-6	3
19951216	0	-6	9
19951217	0	-2	8.5
19951218	1.5	-3	3
19951219	0.5	-3	6
19951220	0	-5	7
19951221	0	-5	11
19951222	0	-5	12
19951223	0	-2	7
19951224	0	-4	7
19951225	0	-3	10
19951226	0	-2	11
19951227	0	-2	12
19951228	0	-1	13
19951229	0	-1	15
19951230	0	-1	14
19951231	0	0	15
19960101	0	0	15
19960102	0	0	11
19960103	0	-3	10
19960104	0	0	10
19960105	0	0	15
19960106	0	0	16
19960107	0	4	14
19960108	0	1	14
19960109	10	-3	3
19960110	0.5	-9	-3
19960111	0	-14	-3
19960112	0	-11	-3
19960113	0	-12	-2
19960114	0	-11	7
19960115	0	-11	1
19960116	0	-11	2
19960117	0	-11	3
19960118	0	-9	6
19960119	0	-4	6
19960120	3	-4	3
19960121	0	-5	4
19960122	0	-6	6
19960123	0	-6	7
19960124	0	-5	7
19960125	0	-7	7
19960126	0	-7	5
19960127	0	-7	4
19960128	0	-7	7
19960129	0	-7	12
19960130	0	-1	12
19960131	0	-1	10
19960201	0	0	15
19960202	0	0	12
19960203	20	0	11
19960204	0	-6	2
19960205	0	-8	7
19960206	0	0	8
19960207	0	-4	10
19960208	0	-2	14
19960209	0	1	15
19960210	0	1	19
19960211	0	4	16
19960212	3.5	-1	5
19960213	2	-3	0
19960214	2	-5	-2
19960215	0	-7	-4
19960216	0	-6	2
19960217	0	-5	12
19960218	0	-1	14
19960219	0	-1	12
19960220	1.5	2	13
19960221	1.5	2	10
19960222	0	3	6
19960223	0	-5	7
19960224	0	-6	9
19960225	0	-4	13
19960226	0	-7	4
19960227	1.5	-9	-2
19960228	0	-9	3
19960229	0.5	-7	4
19960301	2.5	-5	3
19960302	0	-4	13
19960303	1.5	0	13
19960304	0	4	11
19960305	0.5	4	9
19960306	0	0	11
19960307	0	0	12
19960308	18.5	0	12
19960309	0	4	14
19960310	0	3	10
19960311	8.5	4	7
19960312	0.5	2	13
19960313	11	3	7
19960314	3	3	8
19960315	1.5	0	5
19960316	1.5	-4	0
19960317	1	-4	1
19960318	0	-4	5
19960319	16.5	-4	0
19960320	1.5	-6	1
19960321	0	-5	3
19960322	0	-1	11
19960323	0.5	0	13
19960324	0	2	10
19960325	0.2	3	14
19960326	0.5	5	20
19960327	4	0	17
19960328	2	-1	16
19960329	0.5	-1	7
19960330	0	0	14
19960331	0	2	20
19960401	4.5	4	18
19960402	1.5	0	12
19960403	3	0	7
19960404	15.5	-2	5
19960405	0	-4	6
19960406	0	-4	8
19960407	0	-2	15
19960408	0	0	16
19960409	0	5	13
19960410	3	1	15
19960411	0	2	16
19960412	0	3	18
19960413	0	4	26
19960414	0	10	25
19960415	1.5	10	21
19960416	2	5	15
19960417	1	5	17
19960418	0	5	22
19960419	0	6	25
19960420	0	9	25
19960421	5	9	24
19960422	0	10	26
19960423	0	10	26
19960424	0	9	20
19960425	0	10	25
19960426	0	11	18
19960427	0	7	18
19960428	0	4	15
19960429	5	5	19
19960430	0	7	22
19960501	4	9	22
19960502	6	5	14
19960503	0	3	19
19960504	0	5	20
19960505	0	7	22
19960506	0	8	22
19960507	0	9	23
19960508	0	10	24
19960509	0	10	23
19960510	0	11	25
19960511	0	11	26
19960512	1.5	12	22
19960513	0.5	12	24
19960514	0	14	27
19960515	0	13	29
19960516	0	12	31
19960517	0	14	32
19960518	0	15	33
19960519	0	16	27
19960520	2	18	20
19960521	1	12	25
19960522	0	12	22
19960523	0	12	25
19960524	0	13	29
19960525	0	16	32
19960526	2	16	26
19960527	1	12	28
19960528	0	13	25
19960529	0	10	28
19960530	0	14	32
19960531	0	15	33
19960601	0	16	38
19960602	0	18	38
19960603	0	18	37
19960604	0	19	37
19960605	0	20	38
19960606	0	18	33
19960607	0	16	30
19960608	0	15	31
19960609	0	16	32
19960610	0	16	29
19960611	0	16	26
19960612	0	13	27
19960613	0	15	28
19960614	0	14	30
19960615	0	13	30
19960616	0	11	25
19960617	0	12	28
19960618	0	13	30
19960619	0	15	32
19960620	0	16	30
19960621	0	16	32
19960622	0	18	33
19960623	0	22	33
19960624	0	19	33
19960625	0	17	30
19960626	0	16	29
19960627	0	17	29
19960628	1.5	17	25
19960629	0	16	33
19960630	0	19	33
19960701	0	21	33
19960702	0	18	35
19960703	0	19	32
19960704	0	16	32
19960705	0	18	33
19960706	0	19	34
19960707	0	15	35
19960708	0	18	37
19960709	0	20	35
19960710	0	18	33
19960711	0	17	32
19960712	0	17	32
19960713	0	20	32
19960714	0	15	29
19960715	0	18	30
19960716	1	18	29
19960717	0	16	31
19960718	0	18	33
19960719	0	20	33
19960720	0	18	33
19960721	0	18	33
19960722	0	20	33
19960723	0	20	34
19960724	0	22	34
19960725	0	21	35
19960726	0	19	35
19960727	0	22	34
19960728	0	20	35
19960729	0	19	35
19960730	0	20	34
19960731	0	23	33
19960801	0	21	33
19960802	0	19	32
19960803	0	16	33
19960804	0	16	32
19960805	0	18	33
19960806	0	18	35
19960807	0	17	34
19960808	0	17	34
19960809	0	18	35
19960810	0	20	36
19960811	0	20	36
19960812	0	21	35
19960813	0	20	35
19960814	0	21	32
19960815	0	19	29
19960816	0	19	27
19960817	0	12	27
19960818	0	12	27
19960819	0	12	28
19960820	0	14	30
19960821	0	14	31
19960822	0	15	31
19960823	0	15	32
19960824	0	15	33
19960825	0	19	34
19960826	0	17	35
19960827	0	18	37
19960828	0	18	37
19960829	0	17	26
19960830	0	9	32
19960831	0	6	31
19960901	0	9	29
19960902	0	10	30
19960903	0	12	29
19960904	0	12	29
19960905	0	13	34
19960906	0	18	34
19960907	0	16	37
19960908	0	16	38
19960909	0	17	39
19960910	0	18	37
19960911	0	18	35
19960912	0	19	36
19960913	0	18	35
19960914	0	16	30
19960915	0	15	30
19960916	0	15	32
19960917	0	15	33
19960918	0	15	33
19960919	0	15	29
19960920	0	14	25
19960921	0	10	24
19960922	2	11	31
19960923	2	11	33
19960924	0	11	19
19960925	0	9	35
19960926	0	11	29
19960927	0	12	30
19960928	0	12	30
19960929	0	13	33
19960930	0	17	32
19961001	0	12	32
19961002	0	5	18
19961003	0	-2	18
19961004	0	4	26
19961005	0	6	23
19961006	0	7	23
19961007	0	9	18
19961008	0	6	18
19961009	0	6	23
19961010	0	8	20
19961011	0	6	22
19961012	0	8	26
19961013	0	10	29
19961014	0	11	30
19961015	1.5	12	36
19961016	0.5	10	20
19961017	4	11	11
19961018	14.5	6	12
19961019	1	5	14
19961020	0	4	17
19961021	0	4	19
19961022	0	3	23
19961023	0	6	26
19961024	0	9	28
19961025	0	10	28
19961026	0	10	28
19961027	0	10	29
19961028	0	10	24
19961029	0	4	17
19961030	0	4	24
19961031	0	6	22
19961101	0	5	15
19961102	0	3	22
19961103	0	3	16
19961104	0	4	15
19961105	0	4	18
19961106	0	3	18
19961107	0	3	22
19961108	0	5	17
19961109	0	5	18
19961110	0	5	17
19961111	0	2	15
19961112	11.5	1	8
19961113	0	-3	5
19961114	0	-4	7
19961115	0	-3	8
19961116	0	-3	7
19961117	1.5	-2	5
19961118	0	-2	5
19961119	0	-4	11
19961120	0	-4	13
19961121	0	-3	13
19961122	0	-2	14
19961123	0	0	17
19961124	0	0	13
19961125	0	0	15
19961126	0	1	16
19961127	0	1	17
19961128	0	2	15
19961129	0	2	13
19961130	0	0	11
19961201	7	0	6
19961202	1.5	-3	9
19961203	0	-3	9
19961204	0	-5	9
19961205	0	-5	6
19961206	0	-6	6
19961207	0	-7	7
19961208	0	-7	7
19961209	0	-7	10
19961210	0	-4	10
19961211	0	-4	10
19961212	0	0	10
19961213	0	0	12
19961214	0	0	14
19961215	0	0	9
19961216	1	2	11
19961217	0	2	12
19961218	0	1	7
19961219	0	-2	13
19961220	0	-2	15
19961221	0	-2	15
19961222	0	1	18
19961223	0	5	15
19961224	0	2	12
19961225	0	2	14
19961226	0	2	15
19961227	0	4	18
19961228	0	4	18
19961229	0	4	19
19961230	0	5	22
19961231	0	2	15
19970101	0	1	14
19970102	0	1	14
19970103	0	0	9
19970104	0	-2	11
19970105	0	-2	7
19970106	0	-1	11
19970107	0	2	9
19970108	0	2	16
19970109	0	2	16
19970110	0	2	18
19970111	0.5	3	13
19970112	0	-2	10
19970113	0	-1	8
19970114	0	-2	8
19970115	0	-3	12
19970116	0	3	14
19970117	8	1	9
19970118	13.5	-1	4
19970119	0	-6	3
19970120	0	-7	6
19970121	0	-3	7
19970122	0	-4	5
19970123	0	-6	4
19970124	0	-4	5
19970125	0	-5	6
19970126	0	-1	9
19970127	0	-2	9
19970128	2	-3	7
19970129	1.5	-6	0
19970130	0	-8	7
19970131	0	-4	7
19970201	0	-3	3
19970202	0	-10	5
19970203	0	-8	10
19970204	0	-5	12
19970205	0	-2	11
19970206	0	-3	9
19970207	1	-11	2
19970208	0	-9	3
19970209	0	-6	1
19970210	0	-7	3
19970211	0	-7	4
19970212	0	-7	7
19970213	0	-6	9
19970214	0	-6	10
19970215	0	-4	13
19970216	0	-1	15
19970217	0	-1	13
19970218	0	-3	18
19970219	0	-1	10
19970220	0	-1	10
19970221	1	0	5
19970222	0.5	-4	20
19970223	1	2	15
19970224	0.2	0	6
19970225	0	0	9
19970226	0	-3	10
19970227	0.2	-2	12
19970228	8	0	8
19970301	1	-4	6
19970302	0	-2	12
19970303	0	-1	4
19970304	0	-1	10
19970305	1.5	0	7
19970306	1	-1	11
19970307	0	-1	18
19970308	0	2	4
19970309	0	-6	3
19970310	0	-4	6
19970311	0	-4	9
19970312	0	-4	10
19970313	2	-3	11
19970314	23	-2	10
19970315	4	-2	5
19970316	0	-3	7
19970317	1	1	12
19970318	0	3	8
19970319	0	1	15
19970320	0	2	15
19970321	2.5	-2	7
19970322	0	1	14
19970323	0	-1	18
19970324	0	8	23
19970325	1	8	22
19970326	0.5	8	18
19970327	4	5	11
19970328	0.4	2	16
19970329	0	5	20
19970330	1.5	3	17
19970331	1.2	2	9
19970401	3.5	2	9
19970402	0	1	14
19970403	0	2	11
19970404	0	2	18
19970405	0	5	23
19970406	0	5	19
19970407	2	9	17
19970408	0	8	23
19970409	0	8	23
19970410	0	8	23
19970411	0	5	11
19970412	0	2	6
19970413	0	0	12
19970414	0	0	14
19970415	0	1	22
19970416	0	2	24
19970417	1	9	22
19970418	1.5	9	20
19970419	0	7	19
19970420	1.5	9	18
19970421	4.5	5	21
19970422	0	5	19
19970423	0	9	20
19970424	0	8	25
19970425	0	10	26
19970426	0	12	24
19970427	0	13	27
19970428	0	13	30
19970429	0.5	12	29
19970430	0	12	20
19970501	8.5	12	20
19970502	0	9	18
19970503	0	10	22
19970504	0	10	20
19970505	9	12	20
19970506	5.5	6	12
19970507	0	5	17
19970508	0	6	18
19970509	0	5	19
19970510	0	7	21
19970511	0	9	22
19970512	0	11	23
19970513	0	8	25
19970514	0	10	25
19970515	1	11	23
19970516	0.4	10	20
19970517	0	7	22
19970518	0	8	26
19970519	0	11	26
19970520	0	13	27
19970521	0	11	26
19970522	0	12	31
19970523	0	15	32
19970524	0.5	15	28
19970525	0	13	30
19970526	0	14	31
19970527	0	16	31
19970528	0	16	33
19970529	0	16	34
19970530	0	19	32
19970531	0	16	32
19970601	0	17	32
19970602	0.5	19	29
19970603	0	13	29
19970604	0	16	28
19970605	2.5	14	31
19970606	0	17	32
19970607	1.5	19	31
19970608	0.5	13	31
19970609	1	17	34
19970610	0.5	16	32
19970611	1.5	16	32
19970612	0.2	17	31
19970613	0	16	35
19970614	0	22	37
19970615	0.5	20	37
19970616	0	18	36
19970617	2	17	35
19970618	0.4	18	32
19970619	0.2	18	28
19970620	4.5	15	30
19970621	0	17	32
19970622	0	24	34
19970623	0	19	34
19970624	0	19	34
19970625	0	21	34
19970626	0	20	35
19970627	0	20	34
19970628	0	17	32
19970629	0	17	32
19970630	0	16	32
19970701	0	17	33
19970702	0	18	35
19970703	0	19	36
19970704	0	20	35
19970705	0	20	34
19970706	0	20	35
19970707	0	19	35
19970708	0	21	30
19970709	0	18	30
19970710	0	17	32
19970711	0	16	34
19970712	0	17	35
19970713	0	19	36
19970714	0	20	37
19970715	0	20	37
19970716	0	21	38
19970717	0	22	38
19970718	0	25	39
19970719	0	25	37
19970720	0	21	35
19970721	0	21	32
19970722	0	18	33
19970723	0	17	34
19970724	0	18	36
19970725	0	19	36
19970726	0	19	36
19970727	0	19	37
19970728	0	21	36
19970729	0	20	36
19970730	0	17	35
19970731	0	18	36
19970801	0	21	32
19970802	0	16	30
19970803	0	15	30
19970804	0	15	32
19970805	0	18	34
19970806	0	17	35
19970807	0	20	35
19970808	0	20	35
19970809	0	20	35
19970810	0	18	35
19970811	0	17	34
19970812	0	17	34
19970813	0	17	35
19970814	0	17	37
19970815	0	17	40
19970816	0	20	35
19970817	0	19	34
19970818	0	17	35
19970819	0	19	36
19970820	0	21	37
19970821	0	19	36
19970822	0	18	34
19970823	0	17	31
19970824	0	15	30
19970825	0	12	30
19970826	0	12	29
19970827	0	12	29
19970828	0	13	29
19970829	0	14	31
19970830	0	14	32
19970831	0	13	37
19970901	0	16	38
19970902	0	19	39
19970903	0	19	35
19970904	0	18	32
19970905	0	15	29
19970906	0	11	24
19970907	0	10	22
19970908	0	8	22
19970909	0	9	22
19970910	0	8	28
19970911	0	11	32
19970912	0	12	34
19970913	0	16	32
19970914	0	18	27
19970915	0	10	23
19970916	0	8	24
19970917	0	8	26
19970918	0	10	27
19970919	0	11	27
19970920	0	11	26
19970921	0	10	30
19970922	0	12	32
19970923	0	12	29
19970924	0	12	26
19970925	0	11	28
19970926	0	11	31
19970927	0	14	33
19970928	0	14	32
19970929	0	15	33
19970930	0	15	30
19971001	0	12	30
19971002	0	12	30
19971003	0	15	33
19971004	0	15	27
19971005	0	11	30
19971006	0	14	30
19971007	0	13	30
19971008	0	12	26
19971009	0	7	22
19971010	0	7	23
19971011	0	7	25
19971012	0	9	28
19971013	0	12	27
19971014	0	13	29
19971015	0	13	26
19971016	0	10	25
19971017	0	7	25
19971018	0	6	27
19971019	0	7	23
19971020	0	6	22
19971021	0	5	22
19971022	0	6	25
19971023	0	7	25
19971024	3.5	12	22
19971025	15	8	14
19971026	0	9	19
19971027	0	7	21
19971028	0	7	22
19971029	0	8	21
19971030	0	8	21
19971031	0	8	22
19971101	11	5	11
19971102	0.5	1	7
19971103	0	3	17
19971104	0	5	18
19971105	0	0	0
19971106	0	0	0
19971107	0	0	0
19971108	0	0	0
19971109	0	0	0
19971110	0	0	0
19971111	0	0	0
19971112	0	4	18
19971113	1.5	3	12
19971114	14	6	8
19971115	0	0	0
19971116	0	1	14
19971117	0	2	16
19971118	0	4	18
19971119	0	4	18
19971120	0	4	16
19971121	0	4	17
19971122	0	3	17
19971123	0	3	15
19971124	0	-1	7
19971125	0	-5	7
19971126	0	-6	9
19971127	0	-5	12
19971128	0	-2	10
19971129	0	-2	11
19971130	0	-2	11
19971201	0	2	9
19971202	0	2	11
19971203	0	-2	10
19971204	0	-1	8
19971205	0	-1	12
19971206	0	1	9
19971207	0	-2	15
19971208	0	2	16
19971209	0	2	17
19971210	0	2	18
19971211	4.5	4	13
19971212	0.5	0	6
19971213	0	-1	12
19971214	0	-1	7
19971215	0.5	2	11
19971216	0	0	14
19971217	1.5	3	9
19971218	11	-6	2
19971219	1	-10	4
19971220	0	-5	5
19971221	11	-4	1
19971222	0	-5	8
19971223	0	-3	7
19971224	0	-4	8
19971225	0	-4	9
19971226	6.5	0	9
19971227	0	-2	4
19971228	0	-3	4
19971229	0	-5	8
19971230	0	-5	12
19971231	0	-2	11
19980101	0	0	10
19980102	0	0	9
19980103	1.5	1	7
19980104	0	-2	7
19980105	0	-4	9
19980106	9.5	2	11
19980107	0	-1	7
19980108	0	-4	8
19980109	0	-4	8
19980110	3.5	-3	4
19980111	0	-5	8
19980112	0	-5	7
19980113	0	-4	7
19980114	17	-13	3
19980115	0	-12	5
19980116	0	-5	3
19980117	0	-9	4
19980118	0	-7	5
19980119	0	-6	2
19980120	0	-5	-1
19980121	0	-6	4
19980122	2	-6	4
19980123	0.5	-5	2
19980124	0	-5	10
19980125	0	-5	6
19980126	0	-3	12
19980127	3.2	2	6
19980128	1	-4	2
19980129	0	-4	3
19980130	0	0	12
19980131	2	0	10
19980201	0	-2	6
19980202	0	-2	10
19980203	0	-3	10
19980204	0	-1	10
19980205	0	0	10
19980206	0	0	12
19980207	0	3	18
19980208	2.2	3	17
19980209	24.5	5	16
19980210	50	-10	4
19980211	12	-8	2
19980212	8	-5	3
19980213	10	-5	3
19980214	0	-8	5
19980215	2	-8	0
19980216	5.5	-10	0
19980217	3	-13	-1
19980218	0	-13	4
19980219	0	-10	4
19980220	0	-6	4
19980221	0	-8	7
19980222	0.4	-8	-1
19980223	0	-7	2
19980224	1	-9	6
19980225	0	-8	12
19980226	0	0	11
19980227	0	0	7
19980228	9.5	-6	5
19980301	0	-8	1
19980302	11.5	-8	0
19980303	0	-10	4
19980304	0	-10	5
19980305	0	-8	7
19980306	0.5	-6	6
19980307	0	-5	10
19980308	0	1	14
19980309	0	1	8
19980310	0	1	11
19980311	0	1	10
19980312	0	0	14
19980313	0	1	18
19980314	0	4	12
19980315	3.5	4	10
19980316	2.5	2	7
19980317	0	1	15
19980318	0	2	20
19980319	3.5	11	12
19980320	0	2	15
19980321	0	3	15
19980322	0	3	15
19980323	0	3	19
19980324	0	2	18
19980325	0	5	22
19980326	2.5	5	19
19980327	0	1	15
19980328	0	4	20
19980329	0	6	22
19980330	0	8	25
19980331	0	6	21
19980401	0	5	18
19980402	0	1	16
19980403	0	2	20
19980404	0	5	24
19980405	3	8	20
19980406	63	6	13
19980407	16.5	5	10
19980408	0	3	15
19980409	0	4	16
19980410	0	5	18
19980411	0	5	22
19980412	0	5	22
19980413	0	9	23
19980414	0	9	27
19980415	0	9	29
19980416	0	12	29
19980417	0	13	27
19980418	0	12	31
19980419	0	15	27
19980420	0	13	29
19980421	0	14	28
19980422	0.5	13	27
19980423	0	13	21
19980424	5.5	9	20
19980425	10	5	11
19980426	2.5	5	14
19980427	0	6	20
19980428	0	6	25
19980429	2	10	26
19980430	11	10	24
19980501	5	10	15
19980502	7.5	7	13
19980503	2	2	11
19980504	0	1	12
19980505	0	3	12
19980506	0	10	19
19980507	0	9	22
19980508	0	8	23
19980509	0	10	24
19980510	0	11	24
19980511	0	12	25
19980512	0	12	27
19980513	0	13	26
19980514	0	16	31
19980515	0.5	17	30
19980516	0	15	26
19980517	3	15	26
19980518	6.5	11	21
19980519	0	12	24
19980520	0	9	25
19980521	0	12	31
19980522	0	15	33
19980523	0	14	28
19980524	0	14	35
19980525	0	16	27
19980526	0	13	27
19980527	1.5	11	26
19980528	0	10	26
19980529	0	13	29
19980530	13.5	16	28
19980531	0	13	25
19980601	0	13	27
19980602	0	14	27
19980603	0	15	29
19980604	0	16	30
19980605	0	16	31
19980606	0	16	30
19980607	0	16	30
19980608	0	16	31
19980609	0	15	31
19980610	0	16	29
19980611	0	12	27
19980612	0	12	28
19980613	0	16	30
19980614	0	16	30
19980615	0	14	30
19980616	0	17	31
19980617	0	18	30
19980618	0	15	32
19980619	0	16	33
19980620	0	19	33
19980621	0	18	32
19980622	0	20	31
19980623	0	18	32
19980624	0	19	33
19980625	0	21	34
19980626	0	22	35
19980627	0	22	35
19980628	0	20	37
19980629	0	21	35
19980630	0	21	29
19980701	0	15	28
19980702	0	15	30
19980703	0	16	31
19980704	0	18	35
19980705	0	20	39
19980706	0	22	44
19980707	0	23	37
19980708	0	22	39
19980709	0	22	37
19980710	0	22	38
19980711	0	22	37
19980712	0	21	35
19980713	0	20	34
19980714	0	20	37
19980715	0	22	34
19980716	0	22	32
19980717	0	17	32
19980718	0	18	34
19980719	0	19	33
19980720	0	18	31
19980721	0	21	32
19980722	0	22	32
19980723	0	18	33
19980724	0	18	33
19980725	0	17	28
19980726	0	17	32
19980727	0	17	33
19980728	0	18	33
19980729	0	19	34
19980730	0	20	34
19980731	0	19	35
19980801	0	20	35
19980802	0	21	35
19980803	2.5	20	32
19980804	0	18	29
19980805	0	17	29
19980806	5	17	26
19980807	0.5	16	29
19980808	0	17	32
19980809	0	19	33
19980810	0	19	32
19980811	0	18	28
19980812	0	18	34
19980813	0	18	34
19980814	0	22	33
19980815	0	19	30
19980816	0	16	32
19980817	0	17	35
19980818	0	19	35
19980819	0	19	33
19980820	0	17	33
19980821	0	17	32
19980822	0	19	33
19980823	0	19	34
19980824	0	18	34
19980825	0	18	34
19980826	0	16	33
19980827	0	17	34
19980828	0	18	35
19980829	0	19	34
19980830	0	21	31
19980831	0	18	33
19980901	0	19	34
19980902	0	18	35
19980903	0	19	35
19980904	0	19	33
19980905	0	17	33
19980906	0	17	34
19980907	0	17	32
19980908	0	16	29
19980909	0	16	28
19980910	0	13	28
19980911	0	13	25
19980912	0.5	11	21
19980913	0	12	23
19980914	0	8	25
19980915	0	9	25
19980916	0	10	26
19980917	0	11	27
19980918	0	13	29
19980919	0	12	28
19980920	0	12	27
19980921	0	12	29
19980922	0	13	29
19980923	0	12	32
19980924	0	13	35
19980925	0	16	35
19980926	0	15	32
19980927	0	14	27
19980928	0	11	25
19980929	0	11	26
19980930	0	10	28
19981001	0	11	32
19981002	0	13	35
19981003	0	14	35
19981004	0	12	27
19981005	0	12	39
19981006	0	11	26
19981007	0	10	30
19981008	0	12	26
19981009	1.8	1	17
19981010	0	0	12
19981011	0	-1	17
19981012	0	3	25
19981013	0	7	20
19981014	0	7	22
19981015	0	4	24
19981016	0	6	28
19981017	0	9	29
19981018	0	9	25
19981019	0	8	22
19981020	0	7	25
19981021	0	7	21
19981022	0	6	22
19981023	0	6	18
19981024	0	6	15
19981025	3	3	12
19981026	0	2	23
19981027	0	3	21
19981028	0	5	20
19981029	0	5	22
19981030	0	5	26
19981031	0	7	27
19981101	0	8	27
19981102	0	10	25
19981103	0	6	24
19981104	0	9	24
19981105	0	6	20
19981106	0	5	22
19981107	0	5	24
19981108	0	5	20
19981109	0	6	22
19981110	0	6	18
19981111	0	6	20
19981112	0	4	15
19981113	2.5	4	8
19981114	0	3	19
19981115	0	3	23
19981116	0	6	26
19981117	0	7	20
19981118	0	5	21
19981119	0	5	23
19981120	0	8	23
19981121	0	5	15
19981122	0	3	20
19981123	0	3	14
19981124	0	4	14
19981125	0	0	13
19981126	0	0	17
19981127	0	4	19
19981128	0	2	16
19981129	0	1	14
19981130	0	0	7
19981201	0	3	20
19981202	1.5	3	16
19981203	3.3	0	4
19981204	1	0	4.2
19981205	0	0	10
19981206	0	0	13
19981207	0	0	15
19981208	0	3	14.5
19981209	0	4	20
19981210	0	5	23
19981211	0	8	29
19981212	0	5	19
19981213	0	3	16
19981214	0	2	6.5
19981215	0	0	11
19981216	0	0	22
19981217	0	2	14
19981218	0	3	17
19981219	0	0	10
19981220	0	-2	12
19981221	0	2	18
19981222	0	1	14
19981223	0	-2	14
19981224	0	4	17
19981225	1	2	10
19981226	0	0	7
19981227	0	0	7
19981228	0	-1	10
19981229	0	0	8
19981230	0	-2	9
19981231	0	3	13
19990101	0.5	3	7.5
19990102	1.5	-8	-2
19990103	0	-12	0
19990104	0	-7	9.5
19990105	0	-6	8
19990106	0	-5	7
19990107	0	-5	7.5
19990108	0	-5	8
19990109	0	-4	11
19990110	1.5	3	11
19990111	9.5	2	8.5
19990112	0	1	9.5
19990113	0	0	6
19990114	0	0	8
19990115	0	0	12
19990116	0	0	15
19990117	1	0	13
19990118	0.7	3	10
19990119	27.5	0	5
19990120	0	0	3
19990121	0	0	3
19990122	3.5	0	2
19990123	3	-3	4
19990124	0	-4	9
19990125	0	-4	4
19990126	13.5	-4	3
19990127	0	-8	3
19990128	0	-6	8
19990129	0	-3	9
19990130	0	2	9
19990131	0	2	8
19990201	0	-3	9
19990202	0	-3	11
19990203	0	1	14
19990204	0	-1	11
19990205	9.5	-3	3
19990206	1.5	-3	5
19990207	0.5	0	10
19990208	0	0	15
19990209	0	5	15
19990210	0	5	15
19990211	7	2	12
19990212	7	0	9
19990213	0	0	12
19990214	0	0	12
19990215	0	0	10
19990216	0	-1	15
19990217	0	-1	12
19990218	0	1	15
19990219	0	2	17
19990220	0	7	20
19990221	6	8	13
19990222	1	0	10
19990223	0	0	13
19990224	0	0	14
19990225	0	1	17
19990226	0	2	18
19990227	1	2	19
19990228	5.5	2	19
19990301	0	2	11
19990302	21	2	3
19990303	24	0	1
19990304	0	0	0
19990305	2	-3	5
19990306	0	-5	5
19990307	0	-3	10
19990308	0	-3	13
19990309	0	-1	17
19990310	0	2	18
19990311	0	2	16
19990312	0	2	20
19990313	1	6	14
19990314	10.5	2	14
19990315	20.5	-1	13
19990316	0.5	2	20.5
19990317	15.5	1	17
19990318	7.5	-0.5	0.5
19990319	7	-4	2
19990320	0	-3	11
19990321	0	7	16
19990322	1.5	6	17
19990323	3.5	5	15
19990324	0	5	15
19990325	0	5	16
19990326	0	4	18
19990327	0	5	21
19990328	0	4	14
19990329	6	6	13
19990330	0.5	5	8
19990331	0	2	13
19990401	0	2	16
19990402	0	2	20
19990403	0	5	20
19990404	3	10	23
19990405	0	7	23
19990406	0	8	22
19990407	11	2	14
19990408	0	1	13
19990409	0.5	4	13
19990410	1	4	9
19990411	2	2	14
19990412	0	2	15
19990413	0	3	19
19990414	0	5	24
19990415	1	5	19
19990416	0	7	22
19990417	0	7	21
19990418	1.5	7	15.5
19990419	0.7	7	17
19990420	0	6	23
19990421	0.5	7	20
19990422	2	5	11
19990423	0	-1	10
19990424	0	-2	15
19990425	0	1	22
19990426	0	3	21
19990427	0	9	21
19990428	0	7	21
19990429	0	8	25
19990430	0	10	26
19990501	0	12	26
19990502	0	11	22
19990503	0	8	24
19990504	0	9	26
19990505	0.7	9	26
19990506	0	8	24
19990507	0	10	29
19990508	0	11	24
19990509	0	7	21
19990510	0	8	23
19990511	4.5	11	19
19990512	0	9	20
19990513	0	8	28
19990514	0	8	32
19990515	0	14	23
19990516	0	10	25
19990517	0	12	29
19990518	0	13	31
19990519	0	16	33
19990520	0	15	33
19990521	0	13	28
19990522	1	7	15
19990523	0	4	22
19990524	0	7	22
19990525	0	7	23
19990526	0	7	24
19990527	0	9	28
19990528	0	12	30
19990529	0	13	29
19990530	0	15	29
19990531	0	15	33
19990601	0	16	31
19990602	0	14	31
19990603	0	17	32
19990604	0	15	32
19990605	0	18	32
19990606	0	17	33
19990607	0	16	30
19990608	0	16	29
19990609	0	14	29
19990610	0	14	29
19990611	0	15	30
19990612	0	16	31
19990613	0	18	36
19990614	0	17	39
19990615	0	18	33
19990616	0	17	29
19990617	0	14	25
19990618	0	12	29
19990619	0	14	30
19990620	0	15	31
19990621	0	16	34
19990622	0	17	34
19990623	0	15	28
19990624	0	12	30
19990625	0	15	37
19990626	0	21	37
19990627	0	19	36
19990628	0	19	38
19990629	0	21	38
19990630	0	19	35
19990701	0	18	35
19990702	0	20	35
19990703	0	20	36
19990704	0	20	36
19990705	0	20	38
19990706	0	19	34
19990707	0	19	34
19990708	0	20	36
19990709	0	20	33
19990710	0	18	29
19990711	0	17	30
19990712	0	20	31
19990713	3.5	15	25
19990714	0	14	28
19990715	0	18	28
19990716	0	15	31
19990717	0	18	32
19990718	0	16	30
19990719	0	17	30
19990720	0	15	30
19990721	0	15	31
19990722	0	16	33
19990723	0	17	34
19990724	0	18	34
19990725	0	18	32
19990726	1.5	21	28
19990727	0	16	30
19990728	0	16	30
19990729	0	18	31
19990730	0	19	34
19990731	0	19	33
19990801	0	20	35
19990802	0	22	33
19990803	0	24	34
19990804	0	20	34
19990805	0	20	36
19990806	0	22	36
19990807	0	20	34
19990808	0	19	33
19990809	0	22	33
19990810	0	21	32
19990811	0	16	32
19990812	0	16	31
19990813	0	15	31
19990814	0	16	31
19990815	0	16	32
19990816	0	16	33
19990817	0	15	33
19990818	0	15	35
19990819	0	17	35
19990820	0	18	34
19990821	0	20	33
19990822	0	18	33
19990823	0	17	32
19990824	0	17	35
19990825	0	18	34
19990826	0	17	33
19990827	0	18	35
19990828	0	19	35
19990829	0	20	36
19990830	0	20	37
19990831	4	19	35
19990901	0	16	28
19990902	0	14	30
19990903	0	15	31
19990904	0	15	32
19990905	0	15	28
19990906	0	9	25
19990907	0	8	27
19990908	0	10	28
19990909	0	17	28
19990910	0	12	30
19990911	0	13	31
19990912	0	15	32
19990913	0	15	33
19990914	0	16	33
19990915	0	15	34
19990916	0	16	35
19990917	0	15	32
19990918	0	15	29
19990919	0	13	27
19990920	0	12	30
19990921	0	13	31
19990922	0	15	31
19990923	0	13	26.5
19990924	0	10	22
19990925	0	8	22
19990926	0	7	22
19990927	0	7	23
19990928	0.5	9	16
19990929	0	5	19
19990930	0	7	25
19991001	0	8	25
19991002	0	7	25
19991003	0	9	24
19991004	0	9	24
19991005	0	8	26
19991006	0	10	25
19991007	0	10	24
19991008	0	8	22
19991009	0	6	21
19991010	0	5	24
19991011	0	6	28
19991012	0	11	31
19991013	0	13	27.5
19991014	2.5	7	21
19991015	0	5	23
19991016	0	8	28.5
19991017	0	9	27
19991018	0	10	29
19991019	0	11	27
19991020	0	10	21
19991021	0	7	21
19991022	0	7	24
19991023	0	7	22
19991024	0	7	21
19991025	0	6	17.5
19991026	2.5	3	11
19991027	0	1	12
19991028	0	3	19
19991029	0	3	22
19991030	0	4	21
19991031	0	7	18
19991101	1.5	8	22
19991102	0	4	10.5
19991103	0	2	11
19991104	0	-0.2	13
19991105	0	2	12.5
19991106	0	0	15
19991107	0	0	13
19991108	0	3	12.5
19991109	2	6	10
19991110	0	5	15
19991111	1	-3	3
19991112	0	-4	6
19991113	0	-3	10
19991114	0	0.2	12
19991115	0	0	19
19991116	0	5	15
19991117	0	5	18
19991118	0	3	13
19991119	0	4	17
19991120	0	5	16
19991121	0	4	10
19991122	0	0	9
19991123	0	0	13
19991124	0	2	12
19991125	0	2	14.5
19991126	0	5	17
19991127	0	4	15
19991128	0.5	2	6
19991129	1.5	0	2.5
19991130	4	-4	3.5
19991201	0	-4	3
19991202	0	-4	9
19991203	0	-4	12.5
19991204	1.5	0	11
19991205	0	0	9
19991206	0	-2	9
19991207	0	-2	18
19991208	0	1	14
19991209	0	-2	9
19991210	0	0	10.5
19991211	3.5	1	6
19991212	0	-1	11.5
19991213	0	1	16
19991214	0	2	14.5
19991215	0	3	16
19991216	0	4	13
19991217	2.5	2	4.5
19991218	0.5	-2	9
19991219	0	-2	12
19991220	0	0	12
19991221	0	-1	11
19991222	0	0	15
19991223	0	0	17
19991224	0	0	14
19991225	0	0	10.5
19991226	0	-2	12
19991227	0	1	15
19991228	0	2	17
19991229	0	2	16
19991230	0	3	18
19991231	0	3	16
20000101	0	2	15
20000102	0	2	19
20000103	0	1	18
20000104	0	2	14.5
20000105	0	2	17
20000106	0	5	17
20000107	0	5	18.5
20000108	0	-1	11
20000109	0	-5	2
20000110	0	-7	5.5
20000111	3	-9	-2
20000112	0	-10	-2.5
20000113	0	-9	2
20000114	0	-9	2
20000115	0	-10	2
20000116	0	-7	5
20000117	1	-4	4
20000118	1	-4	4
20000119	0	-5	11
20000120	0	0	13
20000121	0.5	1	13
20000122	0	2	8
20000123	0	-2	10.5
20000124	0	-4	9
20000125	0	-6	8
20000126	0	-5	13
20000127	0	2	15
20000128	0	2	14
20000129	1	0	5.5
20000130	13.5	-2	0.5
20000131	0	-7	5
20000201	0	-5	7
20000202	0	-5	10
20000203	2.5	-3	3
20000204	0	-6	7
20000205	0	-6	10
20000206	0	-3	9
20000207	0	0.5	14
20000208	8	-2	5.5
20000209	0	-9	3.5
20000210	0	-7	4
20000211	0	-7	8.5
20000212	0	-4	12
20000213	0	-2	11
20000214	2	1	9.5
20000215	0.5	1	5
20000216	3.5	-2.5	7
20000217	0	-1	13
20000218	2.5	0	10
20000219	1.5	1	7.5
20000220	0	-4	9
20000221	0	0	8
20000222	3	-1	10
20000223	0	0	15
20000224	0	2	17
20000225	0	2	15
20000226	0	3	12
20000227	5.5	0	6
20000228	0	1	6.5
20000229	3	0	5
20000301	0	-2	3.5
20000302	7.5	-4	6
20000303	0	-4	5
20000304	0	-4	6
20000305	0	-3	7
20000306	2.5	-3	8.5
20000307	0	-1	14
20000308	0	-1	17.5
20000309	0	5	18
20000310	0	-3	12
20000311	0	1	16
20000312	0	1	16.5
20000313	0	-1	12
20000314	0	0	14
20000315	0	2	6
20000316	4.5	-6	4
20000317	0	-4	11
20000318	0	-4	16.5
20000319	0	2	17.5
20000320	0	4	19
20000321	0	3	18
20000322	0	3	20
20000323	0	4	24
20000324	0	12	25
20000325	0	11	26
20000326	6	4.5	20
20000327	5.5	2	6
20000328	0	1	11
20000329	0	1	15
20000330	0	1	20
20000331	0.5	4	18
20000401	0	2	19
20000402	1.5	2	12
20000403	0	3	17
20000404	0	2	20
20000405	0	5	22
20000406	0	5	23
20000407	0	6	25
20000408	0	7	27
20000409	0	11	32
20000410	0	13	32
20000411	0	14	28
20000412	0	8.5	23
20000413	0	8	24
20000414	0	10	24
20000415	0	11	31
20000416	0	13	27
20000417	0	14	26
20000418	0	11	22
20000419	2	9	22
20000420	0	12	27
20000421	0	15	27
20000422	0.5	14	31
20000423	0	11	30
20000424	0	10	28
20000425	0	10	26
20000426	0	11	23.5
20000427	0	9	22.5
20000428	1	9	26
20000429	0	10	28
20000430	0	12	32
20000501	0	15	30
20000502	0	14	29
20000503	0	15	29
20000504	0	13	33
20000505	0	13	32.5
20000506	0	10	33
20000507	0	14	36
20000508	0	17	35
20000509	0	16	34
20000510	0	9	19.5
20000511	0	9	23
20000512	0	9	26
20000513	0	10	28
20000514	0	12	31
20000515	0	14	32
20000516	0	13	27
20000517	0	11	26
20000518	0	11	28
20000519	0	14	32
20000520	0	11	31
20000521	0	12	28
20000522	0	12	27
20000523	0	12	29
20000524	0	11	30
20000525	0	14	32
20000526	0	15	33
20000527	0	15	34.5
20000528	0	15	33
20000529	0	15	33
20000530	0	16	32
20000531	0	16	33
20000601	0	16	32
20000602	0	17	25
20000603	0	12	27
20000604	0	12	30
20000605	0	12	32
20000606	0	14	33
20000607	0	15	33
20000608	0	16	34
20000609	0	19	35
20000610	0	16	33
20000611	0	15	32
20000612	0	16	28
20000613	0	12	22
20000614	3.5	6	23
20000615	0	9	27
20000616	0	11	26
20000617	0	11	26.5
20000618	0	13	29
20000619	0	16	32
20000620	0	18	34
20000621	0	17	34
20000622	0	17	34
20000623	0	19	37
20000624	0	20	37
20000625	0	17	34
20000626	0	15	30
20000627	0	16	32
20000628	0	15	32
20000629	0	15	34
20000630	0	16	33
20000701	0	18	33
20000702	0	20	33
20000703	0	18	34
20000704	0	16	34
20000705	0	17	33
20000706	0	17	33
20000707	0	18	33
20000708	0	19	35
20000709	0	20	35
20000710	0	19	34
20000711	0	19	34
20000712	0	19	33.5
20000713	0	19	32
20000714	0	19	33
20000715	0	17	33
20000716	0	16	34
20000717	0	15	30
20000718	0	14	30
20000719	0	14	29
20000720	0	14	30
20000721	0	15	31
20000722	0	19	30
20000723	0	16	32
20000724	0	17	31
20000725	0	14	30
20000726	0	14	30
20000727	0	14	31
20000728	0	18	33
20000729	0	18	34
20000730	0	24	34
20000731	0	23	35
20000801	0	23	36
20000802	0	22	35
20000803	0	19	36
20000804	0	19	35
20000805	0	18	35
20000806	0	19	34
20000807	0	20	36
20000808	0	22	34
20000809	0	19	30
20000810	0	15	30
20000811	0	14	30
20000812	0	15	31
20000813	0	16	32
20000814	0	15	29
20000815	0	17	34
20000816	0	18	34
20000817	0	19	30
20000818	0	14	29
20000819	0	14	30
20000820	0	15	30
20000821	0	15	30
20000822	0	15	31
20000823	0	16	31
20000824	0	15	32
20000825	0	16	33
20000826	0	16	35
20000827	0	17	35
20000828	0	17	35
20000829	0	17	35
20000830	0	18	35
20000831	0	18	36
20000901	0	18	34
20000902	0	17	34
20000903	0	10	32
20000904	0	13	30
20000905	0	15	32
20000906	0	15	32
20000907	0	21	33
20000908	0	22	33
20000909	0	14	31
20000910	0	14	32
20000911	0	14	30
20000912	0	15	29
20000913	0	13	32
20000914	0	14	34
20000915	0	20	32
20000916	0	15	33
20000917	0	15	33
20000918	0	15	33
20000919	0	14	31
20000920	0	12	25
20000921	0	10	26
