15.2
13.2
12.7
14.1
13.9
14.8
12.5
15.2
15.9
15.5
16.5
15.6
15.6
15.2
17.5
17.4
18.8
19.2
19.9
22.2
19.2
17.9
19
20.6
19.4
19.4
15.9
13.5
16.9
16.5
16.6
15.5
14.2
16.6
16.2
15.5
15.3
14.2
8.2
15.6
14.5
13.7
14
6.7
11
11.6
13.2
11.6
4
10.6
5.2
12.6
13.9
10.7
9.6
7.4
11.6
8.3
6
8.7
12
13.6
14.6
13.2
14
15.5
15
15.8
15.5
13.5
15.5
16.7
16.3
17.8
18.5
19
19.4
19.9
20
17.4
8.4
11.5
12
14.8
15.5
7
6.3
14.6
17.5
12.5
15
15.5
16.2
16.9
17.4
17.5
18.9
20.3
21.4
23.4
23.6
24.6
16.9
21.7
23.8
23.4
24.9
26.5
25.5
26.4
25.5
26.6
26.5
27.6
26
25.9
23.6
16.2
22.9
20.9
21.5
21.9
21.9
19.2
17.9
18.6
21.9
23.4
24.6
21.5
23.4
20.9
23.9
24.6
24.6
24.3
23.7
24.1
22.4
24.3
23.7
24
24.5
23.3
23.7
22.2
26.5
26.6
24.5
23.7
25.2
26.5
27.6
26.5
27.2
27.1
27
26.9
27.9
28
27.8
26.4
26
27.2
26.8
25.8
23.4
21.4
25.4
25.7
25.7
25.7
23.2
23.9
25.7
27.6
27.7
20
25.7
23.5
26.7
22
24.4
24.3
23.6
21.5
22.5
23
22.3
18.5
18.7
22.3
25.2
25.2
20
23.3
23.5
23.6
23.4
23.2
23.5
23.4
21.3
21.9
24.3
24.2
24
21.4
19.2
21.4
23.6
23.7
22.2
25.2
24
22.5
21.9
23.6
21.6
22.6
22.5
21.6
23.2
23.5
17.1
19
21.7
23.3
24.2
23.9
20.7
25
25.7
23.4
25.2
24.5
23.9
24.4
20.2
23.8
22.4
24
24.4
25.4
23.7
24.4
19.2
22
22
21.6
22.7
23.8
23.8
22
22
22
21.9
23.1
22.5
23.9
22
21.3
21.6
23.8
22.6
23
23.9
21.2
21.4
21.3
23.3
21.3
21.6
20.3
21.6
22
21.8
21.5
22.5
24.4
24.8
21.5
21
21.3
20.6
15
18.2
18.6
19
19.7
20.5
19.3
18.7
21.5
18.5
18.6
18.7
18.8
18.7
17.2
17.3
17.6
19.1
17.5
18.2
18.8
19.5
18.8
19.4
18.2
18.4
18
18.6
20.2
20.5
19
19.4
19.4
21.5
20
19.4
16.7
20.6
14.7
15.4
14.7
15.9
16.4
16.5
16
16.4
16.6
20.4
19.1
16.4
16
15.4
14
16.2
15
15.6
13.5
13.9
14
14.8
15
15.4
16.5
13.4
14.9
14.2
15.4
15.2
15.4
15.4
18.2
16.2
16.7
15.6
17.8
16.3
13.5
9
2.6
4.4
