date	prec	tmin	tmax	tmean	srad
19980101					
19980102					
19980103					
19980104					
19980105					
19980106					
19980107					
19980108					
19980109					
19980110					
19980111					
19980112					
19980113					
19980114					
19980115					
19980116					
19980117					
19980118					
19980119					
19980120					
19980121					
19980122					
19980123					
19980124					
19980125					
19980126					
19980127					
19980128					
19980129					
19980130					
19980131					
19980201					
19980202					
19980203					
19980204					
19980205					
19980206					
19980207					
19980208					
19980209					
19980210					
19980211					
19980212					
19980213					
19980214					
19980215					
19980216					
19980217					
19980218					
19980219					
19980220					
19980221					
19980222					
19980223					
19980224					
19980225					
19980226					
19980227					
19980228					
19980301					
19980302					
19980303					
19980304					
19980305					
19980306					
19980307					
19980308					
19980309					
19980310					
19980311					
19980312					
19980313					
19980314					
19980315					
19980316					
19980317					
19980318					
19980319					
19980320					
19980321					
19980322					
19980323					
19980324					
19980325					
19980326					
19980327					
19980328					
19980329					
19980330					
19980331					
19980401					
19980402					
19980403					
19980404					
19980405					
19980406					
19980407					
19980408					
19980409					
19980410					
19980411					
19980412					
19980413					
19980414					
19980415					
19980416					
19980417					
19980418					
19980419					
19980420					
19980421					
19980422					
19980423					
19980424					
19980425					
19980426					
19980427					
19980428					
19980429					
19980430					
19980501					
19980502					
19980503					
19980504					
19980505					
19980506					
19980507					
19980508					
19980509					
19980510					
19980511					
19980512					
19980513					
19980514					
19980515					
19980516					
19980517					
19980518					
19980519					
19980520					
19980521					
19980522					
19980523					
19980524					
19980525					
19980526					
19980527					
19980528					
19980529					
19980530					
19980531					
19980601					
19980602					
19980603					
19980604					
19980605					
19980606					
19980607					
19980608					
19980609					
19980610					
19980611					
19980612					
19980613					
19980614					
19980615					
19980616					
19980617					
19980618					
19980619					
19980620					
19980621					
19980622					
19980623					
19980624					
19980625					
19980626					
19980627					
19980628					
19980629					
19980630					
19980701					
19980702					
19980703					
19980704					
19980705					
19980706					
19980707					
19980708					
19980709					
19980710					
19980711					
19980712					
19980713					
19980714					
19980715					
19980716					
19980717					
19980718					
19980719					
19980720					
19980721					
19980722					
19980723					
19980724					
19980725					
19980726					
19980727					
19980728					
19980729					
19980730					
19980731					
19980801					
19980802					
19980803					
19980804					
19980805					
19980806					
19980807					
19980808					
19980809					
19980810					
19980811					
19980812					
19980813					
19980814					
19980815					
19980816					
19980817					
19980818					
19980819					
19980820					
19980821					
19980822					
19980823					
19980824					
19980825					
19980826					
19980827					
19980828					
19980829					
19980830					
19980831					
19980901					
19980902					
19980903					
19980904					
19980905					
19980906					
19980907					
19980908					
19980909					
19980910					
19980911					
19980912					
19980913					
19980914					
19980915					
19980916					
19980917					
19980918					
19980919					
19980920					
19980921					
19980922					
19980923					
19980924					
19980925					
19980926					
19980927					
19980928					
19980929					
19980930					
19981001					
19981002					
19981003					
19981004					
19981005					
19981006					
19981007					
19981008					
19981009					
19981010					
19981011					
19981012					
19981013					
19981014					
19981015					
19981016					
19981017					
19981018					
19981019					
19981020					
19981021					
19981022					
19981023					
19981024					
19981025					
19981026					
19981027					
19981028					
19981029					
19981030					
19981031					
19981101					
19981102					
19981103					
19981104					
19981105					
19981106					
19981107					
19981108					
19981109					
19981110					
19981111					
19981112					
19981113					
19981114					
19981115					
19981116					
19981117					
19981118					
19981119					
19981120					
19981121					
19981122					
19981123					
19981124					
19981125					
19981126					
19981127					
19981128					
19981129					
19981130					
19981201					
19981202					
19981203					
19981204					
19981205					
19981206					
19981207					
19981208					
19981209					
19981210					
19981211					
19981212					
19981213					
19981214					
19981215					
19981216					
19981217					
19981218					
19981219					
19981220					
19981221					
19981222					
19981223					
19981224					
19981225					
19981226					
19981227					
19981228					
19981229					
19981230					
19981231					
19990101					
19990102					
19990103					
19990104					
19990105					
19990106					
19990107					
19990108					
19990109					
19990110					
19990111					
19990112					
19990113					
19990114					
19990115					
19990116					
19990117					
19990118					
19990119					
19990120					
19990121					
19990122					
19990123					
19990124					
19990125					
19990126					
19990127					
19990128					
19990129					
19990130					
19990131					
19990201					
19990202					
19990203					
19990204					
19990205					
19990206					
19990207					
19990208					
19990209					
19990210					
19990211					
19990212					
19990213					
19990214					
19990215					
19990216					
19990217					
19990218					
19990219					
19990220					
19990221					
19990222					
19990223					
19990224					
19990225					
19990226					
19990227					
19990228					
19990301					
19990302					
19990303					
19990304					
19990305					
19990306					
19990307					
19990308					
19990309					
19990310					
19990311					
19990312					
19990313					
19990314					
19990315					
19990316					
19990317					
19990318					
19990319					
19990320					
19990321					
19990322					
19990323					
19990324					
19990325					
19990326					
19990327					
19990328					
19990329					
19990330					
19990331					
19990401					
19990402					
19990403					
19990404					
19990405					
19990406					
19990407					
19990408					
19990409					
19990410					
19990411					
19990412					
19990413					
19990414					
19990415					
19990416					
19990417					
19990418					
19990419					
19990420					
19990421					
19990422					
19990423					
19990424					
19990425					
19990426					
19990427					
19990428					
19990429					
19990430					
19990501					
19990502					
19990503					
19990504					
19990505					
19990506					
19990507					
19990508					
19990509					
19990510					
19990511					
19990512					
19990513					
19990514					
19990515					
19990516					
19990517					
19990518					
19990519					
19990520					
19990521					
19990522					
19990523					
19990524					
19990525					
19990526					
19990527					
19990528					
19990529					
19990530					
19990531					
19990601					
19990602					
19990603					
19990604					
19990605					
19990606					
19990607					
19990608					
19990609					
19990610					
19990611					
19990612					
19990613					
19990614					
19990615					
19990616					
19990617					
19990618					
19990619					
19990620					
19990621					
19990622					
19990623					
19990624					
19990625					
19990626					
19990627					
19990628					
19990629					
19990630					
19990701					
19990702					
19990703					
19990704					
19990705					
19990706					
19990707					
19990708					
19990709					
19990710					
19990711					
19990712					
19990713					
19990714					
19990715					
19990716					
19990717					
19990718					
19990719					
19990720					
19990721					
19990722					
19990723					
19990724					
19990725					
19990726					
19990727					
19990728					
19990729					
19990730					
19990731					
19990801					
19990802					
19990803					
19990804					
19990805					
19990806					
19990807					
19990808					
19990809					
19990810					
19990811					
19990812					
19990813					
19990814					
19990815					
19990816					
19990817					
19990818					
19990819					
19990820					
19990821					
19990822					
19990823					
19990824					
19990825					
19990826					
19990827					
19990828					
19990829					
19990830					
19990831					
19990901					
19990902					
19990903					
19990904					
19990905					
19990906					
19990907					
19990908					
19990909					
19990910					
19990911					
19990912					
19990913					
19990914					
19990915					
19990916					
19990917					
19990918					
19990919					
19990920					
19990921					
19990922					
19990923					
19990924					
19990925					
19990926					
19990927					
19990928					
19990929					
19990930					
19991001					
19991002					
19991003					
19991004					
19991005					
19991006					
19991007					
19991008					
19991009					
19991010					
19991011					
19991012					
19991013					
19991014					
19991015					
19991016					
19991017					
19991018					
19991019					
19991020					
19991021					
19991022					
19991023					
19991024					
19991025					
19991026					
19991027					
19991028					
19991029					
19991030					
19991031					
19991101					
19991102					
19991103					
19991104					
19991105					
19991106					
19991107					
19991108					
19991109					
19991110					
19991111					
19991112					
19991113					
19991114					
19991115					
19991116					
19991117					
19991118					
19991119					
19991120					
19991121					
19991122					
19991123					
19991124					
19991125					
19991126					
19991127					
19991128					
19991129					
19991130					
19991201					
19991202					
19991203					
19991204					
19991205					
19991206					
19991207					
19991208					
19991209					
19991210					
19991211					
19991212					
19991213					
19991214					
19991215					
19991216					
19991217					
19991218					
19991219					
19991220					
19991221					
19991222					
19991223					
19991224					
19991225					
19991226					
19991227					
19991228					
19991229					
19991230					
19991231					
20000101					
20000102					
20000103					
20000104					
20000105					
20000106					
20000107					
20000108					
20000109					
20000110					
20000111					
20000112					
20000113					
20000114					
20000115					
20000116					
20000117					
20000118					
20000119					
20000120					
20000121					
20000122					
20000123					
20000124					
20000125					
20000126					
20000127					
20000128					
20000129					
20000130					
20000131					
20000201					
20000202					
20000203					
20000204					
20000205					
20000206					
20000207					
20000208					
20000209					
20000210					
20000211					
20000212					
20000213					
20000214					
20000215					
20000216					
20000217					
20000218					
20000219					
20000220					
20000221					
20000222					
20000223					
20000224					
20000225					
20000226					
20000227					
20000228					
20000229					
20000301					
20000302					
20000303					
20000304					
20000305					
20000306					
20000307					
20000308					
20000309					
20000310					
20000311					
20000312					
20000313					
20000314					
20000315					
20000316					
20000317					
20000318					
20000319					
20000320					
20000321					
20000322					
20000323					
20000324					
20000325					
20000326					
20000327					
20000328					
20000329					
20000330					
20000331					
20000401					
20000402					
20000403					
20000404					
20000405					
20000406					
20000407					
20000408					
20000409					
20000410					
20000411					
20000412					
20000413					
20000414					
20000415					
20000416					
20000417					
20000418					
20000419					
20000420					
20000421					
20000422					
20000423					
20000424					
20000425					
20000426					
20000427					
20000428					
20000429					
20000430					
20000501					
20000502					
20000503					
20000504					
20000505					
20000506					
20000507					
20000508					
20000509					
20000510					
20000511					
20000512					
20000513					
20000514					
20000515					
20000516					
20000517					
20000518					
20000519					
20000520					
20000521					
20000522					
20000523					
20000524					
20000525					
20000526					
20000527					
20000528					
20000529					
20000530					
20000531					
20000601					
20000602					
20000603					
20000604					
20000605					
20000606					
20000607					
20000608					
20000609					
20000610					
20000611					
20000612					
20000613					
20000614					
20000615					
20000616					
20000617					
20000618					
20000619					
20000620					
20000621					
20000622					
20000623					
20000624					
20000625					
20000626					
20000627					
20000628					
20000629					
20000630					
20000701					
20000702					
20000703					
20000704					
20000705					
20000706					
20000707					
20000708					
20000709					
20000710					
20000711					
20000712					
20000713					
20000714					
20000715					
20000716					
20000717					
20000718					
20000719					
20000720					
20000721					
20000722					
20000723					
20000724					
20000725					
20000726					
20000727					
20000728					
20000729					
20000730					
20000731					
20000801					
20000802					
20000803					
20000804					
20000805					
20000806					
20000807					
20000808					
20000809					
20000810					
20000811					
20000812					
20000813					
20000814					
20000815					
20000816					
20000817					
20000818					
20000819					
20000820					
20000821					
20000822					
20000823					
20000824					
20000825					
20000826					
20000827					
20000828					
20000829					
20000830					
20000831					
20000901					
20000902					
20000903					
20000904					
20000905					
20000906					
20000907					
20000908					
20000909					
20000910					
20000911					
20000912					
20000913					
20000914					
20000915					
20000916					
20000917					
20000918					
20000919					
20000920					
20000921					
20000922					
20000923					
20000924					
20000925					
20000926					
20000927					
20000928					
20000929					
20000930					
20001001					
20001002					
20001003					
20001004					
20001005					
20001006					
20001007					
20001008					
20001009					
20001010					
20001011					
20001012					
20001013					
20001014					
20001015					
20001016					
20001017					
20001018					
20001019					
20001020					
20001021					
20001022					
20001023					
20001024					
20001025					
20001026					
20001027					
20001028					
20001029					
20001030					
20001031					
20001101					
20001102					
20001103					
20001104					
20001105					
20001106					
20001107					
20001108					
20001109					
20001110					
20001111					
20001112					
20001113					
20001114					
20001115					
20001116					
20001117					
20001118					
20001119					
20001120					
20001121					
20001122					
20001123					
20001124					
20001125					
20001126					
20001127					
20001128					
20001129					
20001130					
20001201					
20001202					
20001203					
20001204					
20001205					
20001206					
20001207					
20001208					
20001209					
20001210					
20001211					
20001212					
20001213					
20001214					
20001215					
20001216					
20001217					
20001218					
20001219					
20001220					
20001221					
20001222					
20001223					
20001224					
20001225					
20001226					
20001227					
20001228					
20001229					
20001230					
20001231					
20010101					
20010102					
20010103					
20010104					
20010105					
20010106					
20010107					
20010108					
20010109					
20010110					
20010111					
20010112					
20010113					
20010114					
20010115					
20010116					
20010117					
20010118					
20010119					
20010120					
20010121					
20010122					
20010123					
20010124					
20010125					
20010126					
20010127					
20010128					
20010129					
20010130					
20010131					
20010201					
20010202					
20010203					
20010204					
20010205					
20010206					
20010207					
20010208					
20010209					
20010210					
20010211					
20010212					
20010213					
20010214					
20010215					
20010216					
20010217					
20010218					
20010219					
20010220					
20010221					
20010222					
20010223					
20010224					
20010225					
20010226					
20010227					
20010228					
20010301					
20010302					
20010303					
20010304					
20010305					
20010306					
20010307					
20010308					
20010309					
20010310					
20010311					
20010312					
20010313					
20010314					
20010315					
20010316					
20010317					
20010318					
20010319					
20010320					
20010321					
20010322					
20010323					
20010324					
20010325					
20010326					
20010327					
20010328					
20010329					
20010330					
20010331					
20010401					
20010402					
20010403					
20010404					
20010405					
20010406					
20010407					
20010408					
20010409					
20010410					
20010411					
20010412					
20010413					
20010414					
20010415					
20010416					
20010417					
20010418					
20010419					
20010420					
20010421					
20010422					
20010423					
20010424					
20010425					
20010426					
20010427					
20010428					
20010429					
20010430					
20010501					
20010502					
20010503					
20010504					
20010505					
20010506					
20010507					
20010508					
20010509					
20010510					
20010511					
20010512					
20010513					
20010514					
20010515					
20010516					
20010517					
20010518					
20010519					
20010520					
20010521					
20010522					
20010523					
20010524					
20010525					
20010526					
20010527					
20010528					
20010529					
20010530					
20010531					
20010601					
20010602					
20010603					
20010604					
20010605					
20010606					
20010607					
20010608					
20010609					
20010610					
20010611					
20010612					
20010613					
20010614					
20010615					
20010616					
20010617					
20010618					
20010619					
20010620					
20010621					
20010622					
20010623					
20010624					
20010625					
20010626					
20010627					
20010628					
20010629					
20010630					
20010701					
20010702					
20010703					
20010704					
20010705					
20010706					
20010707					
20010708					
20010709					
20010710					
20010711					
20010712					
20010713					
20010714					
20010715					
20010716					
20010717					
20010718					
20010719					
20010720					
20010721					
20010722					
20010723					
20010724					
20010725					
20010726					
20010727					
20010728					
20010729					
20010730					
20010731					
20010801					
20010802					
20010803					
20010804					
20010805					
20010806					
20010807					
20010808					
20010809					
20010810					
20010811					
20010812					
20010813					
20010814					
20010815					
20010816					
20010817					
20010818					
20010819					
20010820					
20010821					
20010822					
20010823					
20010824					
20010825					
20010826					
20010827					
20010828					
20010829					
20010830					
20010831					
20010901					
20010902					
20010903					
20010904					
20010905					
20010906					
20010907					
20010908					
20010909					
20010910					
20010911					
20010912					
20010913					
20010914					
20010915					
20010916					
20010917					
20010918					
20010919					
20010920					
20010921					
20010922					
20010923					
20010924					
20010925					
20010926					
20010927					
20010928					
20010929					
20010930					
20011001					
20011002					
20011003					
20011004					
20011005					
20011006					
20011007					
20011008					
20011009					
20011010					
20011011					
20011012					
20011013					
20011014					
20011015					
20011016					
20011017					
20011018					
20011019					
20011020					
20011021					
20011022					
20011023					
20011024					
20011025					
20011026					
20011027					
20011028					
20011029					
20011030					
20011031					
20011101					
20011102					
20011103					
20011104					
20011105					
20011106					
20011107					
20011108					
20011109					
20011110					
20011111					
20011112					
20011113					
20011114					
20011115					
20011116					
20011117					
20011118					
20011119					
20011120					
20011121					
20011122					
20011123					
20011124					
20011125					
20011126					
20011127					
20011128					
20011129					
20011130					
20011201					
20011202					
20011203					
20011204					
20011205					
20011206					
20011207					
20011208					
20011209					
20011210					
20011211					
20011212					
20011213					
20011214					
20011215					
20011216					
20011217					
20011218					
20011219					
20011220					
20011221					
20011222					
20011223					
20011224					
20011225					
20011226					
20011227					
20011228					
20011229					
20011230					
20011231					
20020101					
20020102					
20020103					
20020104					
20020105					
20020106					
20020107					
20020108					
20020109					
20020110					
20020111					
20020112					
20020113					
20020114					
20020115					
20020116					
20020117					
20020118					
20020119					
20020120					
20020121					
20020122					
20020123					
20020124					
20020125					
20020126					
20020127					
20020128					
20020129					
20020130					
20020131					
20020201					
20020202					
20020203					
20020204					
20020205					
20020206					
20020207					
20020208					
20020209					
20020210					
20020211					
20020212					
20020213					
20020214					
20020215					
20020216					
20020217					
20020218					
20020219					
20020220					
20020221					
20020222					
20020223					
20020224					
20020225					
20020226					
20020227					
20020228					
20020301					
20020302					
20020303					
20020304					
20020305					
20020306					
20020307					
20020308					
20020309					
20020310					
20020311					
20020312					
20020313					
20020314					
20020315					
20020316					
20020317					
20020318					
20020319					
20020320					
20020321					
20020322					
20020323					
20020324					
20020325					
20020326					
20020327					
20020328					
20020329					
20020330					
20020331					
20020401					
20020402					
20020403					
20020404					
20020405					
20020406					
20020407					
20020408					
20020409					
20020410					
20020411					
20020412					
20020413					
20020414					
20020415					
20020416					
20020417					
20020418					
20020419					
20020420					
20020421					
20020422					
20020423					
20020424					
20020425					
20020426					
20020427					
20020428					
20020429					
20020430					
20020501					
20020502					
20020503					
20020504					
20020505					
20020506					
20020507					
20020508					
20020509					
20020510					
20020511					
20020512					
20020513					
20020514					
20020515					
20020516					
20020517					
20020518					
20020519					
20020520					
20020521					
20020522					
20020523					
20020524					
20020525					
20020526					
20020527					
20020528					
20020529					
20020530					
20020531					
20020601					
20020602					
20020603					
20020604					
20020605					
20020606					
20020607					
20020608					
20020609					
20020610					
20020611					
20020612					
20020613					
20020614					
20020615					
20020616					
20020617					
20020618					
20020619					
20020620					
20020621					
20020622					
20020623					
20020624					
20020625					
20020626					
20020627					
20020628					
20020629					
20020630					
20020701					
20020702					
20020703					
20020704					
20020705					
20020706					
20020707					
20020708					
20020709					
20020710					
20020711					
20020712					
20020713					
20020714					
20020715					
20020716					
20020717					
20020718					
20020719					
20020720					
20020721					
20020722					
20020723					
20020724					
20020725					
20020726					
20020727					
20020728					
20020729					
20020730					
20020731					
20020801					
20020802					
20020803					
20020804					
20020805					
20020806					
20020807					
20020808					
20020809					
20020810					
20020811					
20020812					
20020813					
20020814					
20020815					
20020816					
20020817					
20020818					
20020819					
20020820					
20020821					
20020822					
20020823					
20020824					
20020825					
20020826					
20020827					
20020828					
20020829					
20020830					
20020831					
20020901					
20020902					
20020903					
20020904					
20020905					
20020906					
20020907					
20020908					
20020909					
20020910					
20020911					
20020912					
20020913					
20020914					
20020915					
20020916					
20020917					
20020918					
20020919					
20020920					
20020921					
20020922					
20020923		6	28		
20020924		8	26		
20020925		8	25		
20020926		6	25		
20020927		9	30		
20020928		5	30		
20020929		7	29		
20020930		9	30		
20021001		5	29		
20021002		7	21		
20021003		12	23		
20021004		8	16		
20021005		6	20		
20021006		7	21		
20021007		7	24		
20021008		7	26		
20021009		8	25		
20021010		10	26		
20021011		4	22		
20021012		3	23		
20021013		3	22		
20021014		4	24		
20021015		10	22		
20021016		5	23		
20021017		5	20		
20021018		4	22		
20021019		3	22		
20021020		5	22		
20021021		5	20		
20021022		4	15		
20021023		1	18		
20021024		2	23		
20021025		3	22		
20021026		2	20		
20021027		1	18		
20021028		4	20		
20021029		1	20		
20021030		2	20		
20021031		2	19		
20021101		2	19		
20021102		-1	14		
20021103		-5	16		
20021104		2	16		
20021105		-4	17		
20021106		-2	12		
20021107		-6	16		
20021108		-2	17		
20021109		-1	18		
20021110		-2	14		
20021111		6	17		
20021112		5	14		
20021113		4	9		
20021114		0	4		
20021115		-1	6		
20021116		-6	10		
20021117		-5	16		
20021118		-4	17		
20021119		-4	17		
20021120		-5	16		
20021121		-6	19		
20021122		-5	18		
20021123		-5	18		
20021124		-7	14		
20021125		-4	6		
20021126		0	4		
20021127		-2	2		
20021128		-2	2		
20021129		-2	5		
20021130		-6	4		
20021201		-5	2		
20021202		-3	3		
20021203		-5	0		
20021204		-12	2		
20021205		-9	4		
20021206		-7	4		
20021207		-4	7		
20021208		-3	6		
20021209		-1	3		
20021210		-8	3		
20021211		-10	-1		
20021212		-9	-4		
20021213		-10	-5		
20021214		-29	-8		
20021215		-24	-13		
20021216		-20	2		
20021217		-13	-6		
20021218		-15	-2		
20021219		-12	0		
20021220		-8	2		
20021221		-2	2		
20021222		-9	-4		
20021223		-10	-1		
20021224		-20	-2		
20021225		-7	-1		
20021226		-22	-6		
20021227		-24	-6		
20021228		-23	-2		
20021229		-22	-1		
20021230		-16	4		
20021231		-14	2		
20030101		-12	2		
20030102		-6	3		
20030103		-5	3		
20030104		-5	2		
20030105		-3	5		
20030106		-4	5		
20030107		-2	7		
20030108		-2	7		
20030109		-2	7		
20030110		-5	8		
20030111		-5	8		
20030112		-5	10		
20030113		-4	10		
20030114		-2	10		
20030115		-5	7		
20030116		-7	-3		
20030117		-22	-3		
20030118		-22	-1		
20030119		-21	0		
20030120		-18	0		
20030121		-20	1		
20030122		-19	2		
20030123		-17	4		
20030124		-15	3		
20030125		-14	0		
20030126		-13	-1		
20030127		-13	2		
20030128		-14	1		
20030129		-14	2		
20030130		-10	2		
20030131		-2	5		
20030201		-2	4		
20030202		-2	5		
20030203		-2	4		
20030204		-2	4		
20030205		0	5		
20030206		-5	4		
20030207		-5	6		
20030208		-7	9		
20030209		-4	7		
20030210		-2	3		
20030211		-13	2		
20030212		-13	1		
20030213		-15	3		
20030214		-15	3		
20030215		-5	0		
20030216		-5	0		
20030217		-8	0		
20030218		-15	0		
20030219		-15	2		
20030220		-2	4		
20030221		-2	4		
20030222		0	4		
20030223		-10	2		
20030224		-10	-3		
20030225		-10	2		
20030226		-6	2		
20030227		-6	0		
20030228		-12	-1		
20030301		-13	-2		
20030302		-14	-1		
20030303		-15	6		
20030304		-15	5		
20030305		-8	7		
20030306		-5	9		
20030307		-3	8		
20030308		0	6		
20030309		-4	10		
20030310		-4	12		
20030311		-2	9		
20030312		-3	2		
20030313		-4	2		
20030314		-6	6		
20030315		-6	9		
20030316		-5	11		
20030317		-2	8		
20030318		-5	4		
20030319		-5	8		
20030320		-3	8		
20030321		-5	6		
20030322		-5	7		
20030323		-3	8		
20030324		-2	7		
20030325		-2	7		
20030326		-1	5		
20030327		-5	1		
20030328		-7	-1		
20030329		-19	-6		
20030330		-18	-1		
20030331		-18	-6		
20030401		-17	3		
20030402		-9	4		
20030403		-4	12		
20030404		-2	16		
20030405		10	22		
20030406		9	19		
20030407		11	17		
20030408		7	14		
20030409		8	23		
20030410		5	23		
20030411		3	16		
20030412		2	14		
20030413		2	14		
20030414		2	14		
20030415		4	13		
20030416		0	10		
20030417		-2	2		
20030418		-2	4		
20030419		-2	10		
20030420		-4	14		
20030421		5	15		
20030422		-3	13		
20030423		2	13		
20030424		4	17		
20030425		7	19		
20030426		8	18		
20030427		-4	15		
20030428		-9	3		
20030429		-4	8		
20030430		-3	13		
20030501		-2	13		
20030502		-1	17		
20030503		0	16		
20030504		-1	16		
20030505		0	23		
20030506		2	22		
20030507		2	12		
20030508		1	14		
20030509		1	14		
20030510		2	18		
20030511		3	20		
20030512		3	22		
20030513		3	22		
20030514		5	22		
20030515		6	21		
20030516		6	27		
20030517		8	27		
20030518		5	12		
20030519		5	23		
20030520		6	22		
20030521		7	22		
20030522		8	22		
20030523		7	21		
20030524		10	16		
20030525		4	20		
20030526		5	24		
20030527		6	24		
20030528		6	18		
20030529		7	15		
20030530		9	22		
20030531		11	23		
20030601		9	22		
20030602		7	23		
20030603		7	23		
20030604		9	19		
20030605		9	18		
20030606		3	15		
20030607		5	20		
20030608		6	23		
20030609		8	25		
20030610		11	23		
20030611		9	23		
20030612		10	24		
20030613		12	24		
20030614		12	22		
20030615		7	24		
20030616		9	26		
20030617		10	29		
20030618		12	29		
20030619		10	18		
20030620		10	21		
20030621		10	22		
20030622		11	27		
20030623		12	26		
20030624		12	20		
20030625		6	20		
20030626		4	24		
20030627		4	27		
20030628		9	27		
20030629		12	26		
20030630		11	22		
20030701		11	20		
20030702		8	27		
20030703		9	27		
20030704		12	27		
20030705		11	26		
20030706		12	29		
20030707		15	30		
20030708		12	29		
20030709		11	29		
20030710		12	28		
20030711		15	25		
20030712		11	25		
20030713		10	28		
20030714		11	26		
20030715		15	26		
20030716		10	28		
20030717		11	29		
20030718		14	30		
20030719		16	28		
20030720		15	26		
20030721		14	27		
20030722		12	22		
20030723		11	19		
20030724		11	22		
20030725		11	22		
20030726		11	25		
20030727		10	24		
20030728		8	26		
20030729		9	25		
20030730		7	25		
20030731		6	27		
20030801		7	29		
20030802		10	29		
20030803		10	28		
20030804		7	27		
20030805		8	28		
20030806		10	29		
20030807		11	28		
20030808		11	32		
20030809		11	36		
20030810		12	37		
20030811		13	37		
20030812		15	37		
20030813		15	37		
20030814		10	35		
20030815		14	25		
20030816		9	25		
20030817		8	26		
20030818		8	27		
20030819		9	27		
20030820		10	24		
20030821		11	25		
20030822		11	26		
20030823		12	24		
20030824		11	23		
20030825		11	26		
20030826		11	30		
20030827		10	27		
20030828		10	27		
20030829		12	28		
20030830		11	26		
20030831		11	27		
20030901		11	28		
20030902		9	28		
20030903		9	29		
20030904		7	28		
20030905		8	30		
20030906		9	30		
20030907		12	28		
20030908		10	20		
20030909		10	26		
20030910		6	24		
20030911		6	26		
20030912		6	28		
20030913		7	26		
20030914		8	26		
20030915		11	21		
20030916		10	21		
20030917		11	28		
20030918		11	26		
20030919		12	20		
20030920		9	20		
20030921		7	15		
20030922		7	14		
20030923		7	16		
20030924		7	17		
20030925		9	18		
20030926		9	18		
20030927		10	19		
20030928		10	24		
20030929		11	23		
20030930		10	20		
20031001		3	18		
20031002		4	19		
20031003		5	19		
20031004		5	20		
20031005		7	19		
20031006		2	21		
20031007		3	22		
20031008		2	26		
20031009		3	2.7		
20031010		4	28		
20031011		2	24		
20031012		5	23		
20031013		9	24		
20031014		2	24		
20031015		2	22		
20031016		5	24		
20031017		5	22		
20031018		9	21		
20031019		9	22		
20031020		7	22		
20031021		6	20		
20031022		4	19		
20031023		3	23		
20031024		3	22		
20031025		4	24		
20031026		9	26		
20031027		8	26		
20031028		2	24		
20031029		10	21		
20031030		8	20		
20031031		2	16		
20031101		2	15		
20031102		1	16		
20031103		1	15		
20031104		-5	16		
20031105		-5	18		
20031106		-6	15		
20031107		-6	14		
20031108		2	14		
20031109		3	13		
20031110		4	16		
20031111		6	16		
20031112		5	13		
20031113		3	11		
20031114		-4	9		
20031115		-5	7		
20031116		-2	7		
20031117		-2	7		
20031118		-4	7		
20031119		-4	7		
20031120		-4	7		
20031121		0	6		
20031122		-5	2		
20031123		-7	10		
20031124		-8	13		
20031125		-8	9		
20031126		-8	2		
20031127		-5	5		
20031128		-3	3		
20031129		-4	5		
20031130		-7	1		
20031201		-7	3		
20031202		-1	3		
20031203		-1	3		
20031204		-2	3		
20031205		-3	3		
20031206		-2	2		
20031207		-4	2		
20031208		-3	3		
20031209		-2	3		
20031210		-1	2		
20031211		-2	3		
20031212		-2	2		
20031213		-3	3		
20031214		-2	4		
20031215		-2	3		
20031216		-1	3		
20031217		-2	2		
20031218		-3	2		
20031219		-3	3		
20031220		-3	3		
20031221		-5	3		
20031222		-8	2		
20031223		-8	1		
20031224		-5	1		
20031225		-5	1		
20031226		-4	1		
20031227		-3	4		
20031228		-7	5		
20031229		-6	2		
20031230		-3	2		
20031231		-14	2		
20040101		-13	-3		
20040102		-16	-1		
20040103		-13	2		
20040104		-6	4		
20040105		-7	4		
20040106		-6	6		
20040107		-1	7		
20040108		-4	7		
20040109		-4	4		
20040110		-4	2		
20040111		-7	2		
20040112		-5	5		
20040113		-6	6		
20040114		-4	5		
20040115		-2	4		
20040116		-2	4		
20040117		-1	6		
20040118		0	5		
20040119		-7	2		
20040120		-11	7		
20040121		-10	6		
20040122		-9	7		
20040123		-8	9		
20040124		-2	7		
20040125		1	6		
20040126		-4	6		
20040127		-3	4		
20040128		-10	3		
20040129		-8	4		
20040130		-8	5		
20040131		-8	6		
20040201		-8	5		
20040202		-10	4		
20040203		-12	5		
20040204		-11	4		
20040205		-8	3		
20040206		-7	3		
20040207		-5	4		
20040208		-4	7		
20040209		-4	8		
20040210		-2	10		
20040211		-2	7		
20040212		-2	7		
20040213		-2	10		
20040214		-1	9		
20040215		-2	6		
20040216		-11	6		
20040217		-11	5		
20040218		-13	4		
20040219		-9	2		
20040220		-6	5		
20040221		-8	6		
20040222		-5	6		
20040223		-7	5		
20040224		-7	3		
20040225		-7	5		
20040226		-6	8		
20040227		-3	7		
20040228		-2	9		
20040229		-2	12		
20040301		-2	9		
20040302		-2	10		
20040303		1	14		
20040304		3	20		
20040305		5	22		
20040306		9	18		
20040307		5	14		
20040308		-5	4		
20040309		-5	2		
20040310		-6	12		
20040311		-5	8		
20040312		-3	10		
20040313		-2	7		
20040314		-5	0		
20040315		-7	-1		
20040316		-13	0		
20040317		-13	4		
20040318		-8	3		
20040319		-4	3		
20040320		-7	6		
20040321		-6	5		
20040322		-5	16		
20040323		-2	18		
20040324		-4	15		
20040325		-4	20		
20040326		-4	20		
20040327		-4	19		
20040328		-2	20		
20040329		-1	19		
20040330		0	15		
20040331		0	10		
20040401		-1	8		
20040402		-6	7		
20040403		-6	4		
20040404		-3	2		
20040405		-8	13		
20040406		-21	3		
20040407		-20	7		
20040408		-11	12		
20040409		-7	14		
20040410		-4	17		
20040411		-3	19		
20040412		-4	19		
20040413		-4	21		
20040414		-3	23		
20040415		0	22		
20040416		-2	19		
20040417		-3	22		
20040418		-7	8		
20040419		-4	12		
20040420		3	10		
20040421		0	16		
20040422		1	21		
20040423		6	19		
20040424		6	14		
20040425		4	17		
20040426		4	15		
20040427		4	18		
20040428		1	21		
20040429		5	20		
20040430		6	19		
20040501		6	21		
20040502		5	20		
20040503		5	17		
20040504		9	20		
20040505		6	15		
20040506		2	17		
20040507		2	20		
20040508		5	24		
20040509		10	23		
20040510		6	25		
20040511		9	27		
20040512		6	22		
20040513		6	19		
20040514		6	16		
20040515		4	15		
20040516		4	11		
20040517		6	13		
20040518		3	16		
20040519		4	20		
20040520		5	20		
20040521		5	16		
20040522		5	17		
20040523		4	17		
20040524		3	22		
20040525		3	23		
20040526		5	25		
20040527		7	23		
20040528		8	18		
20040529		9	18		
20040530		8	18		
20040531		4	21		
20040601		4	25		
20040602		6	24		
20040603		7	24		
20040604		8	25		
20040605		9	25		
20040606		10	23		
20040607		8	27		
20040608		8	27		
20040609		9	27		
20040610		9	26		
20040611		10	25		
20040612		9	17		
20040613		7	21		
20040614		3	23		
20040615		3	23		
20040616		5	24		
20040617		9	25		
20040618		8	23		
20040619		7	25		
20040620		7	27		
20040621		10	29		
20040622		10	31		
20040623		11	30		
20040624		10	25		
20040625		10	29		
20040626		10	29		
20040627		11	26		
20040628		9	28		
20040629		9	27		
20040630		10	22		
20040701		8	27		
20040702		8	27		
20040703		6	23		
20040704		6	24		
20040705		9	22		
20040706		11	21		
20040707		11	24		
20040708		9	28		
20040709		9	27		
20040710		12	16		
20040711		8	20		
20040712		8	21		
20040713		9	26		
20040714		9	27		
20040715		9	28		
20040716		11	30		
20040717		12	29		
20040718		13	27		
20040719		14	26		
20040720		14	24		
20040721		14	24		
20040722		14	26		
20040723		14	26		
20040724		14	23		
20040725		11	28		
20040726		11	28		
20040727		15	29		
20040728		15	28		
20040729		11	27		
20040730		10	28		
20040731		10	29		
20040801		13	28		
20040802		12	30		
20040803		12	30		
20040804		13	29		
20040805		13	26		
20040806		13	24		
20040807		14	25		
20040808		15	27		
20040809		13	28		
20040810		10	29		
20040811		10	34		
20040812		11	32		
20040813		13	30		
20040814		13	25		
20040815		11	30		
20040816		11	29		
20040817		11	28		
20040818		13	29		
20040819		13	28		
20040820		13	29		
20040821		11	28		
20040822		8	29		
20040823		8	29		
20040824		8	30		
20040825		8	28		
20040826		9	27		
20040827		10	27		
20040828		9	29		
20040829		9	30		
20040830		10	30		
20040831		11	28		
20040901		11	28		
20040902		9	27		
20040903		10	28		
20040904		7	28		
20040905		8	30		
20040906		9	23		
20040907		10	23		
20040908		11	26		
20040909		8	33		
20040910		8	23		
20040911		9	29		
20040912		10	20		
20040913		7	13		
20040914		8	12		
20040915		6	12		
20040916		6	18		
20040917		6	20		
20040918		6	23		
20040919		6	18		
20040920		2	21		
20040921		2	24		
20040922		2	27		
20040923		4	27		
20040924		5	27		
20040925		5	30		
20040926		4	29		
20040927		5	29		
20040928		4	27		
20040929		5	22		
20040930		3	21		
20041001		3	28		
20041002		3	27		
20041003		4	25		
20041004		5	23		
20041005		7	22		
20041006		5	14		
20041007		5	21		
20041008		3	20		
20041009		3	26		
20041010		3	24		
20041011		3	21		
20041012		3	23		
20041013		4	18		
20041014		3	12		
20041015		3	18		
20041016		4	18		
20041017		5	18		
20041018		4	20		
20041019		2	20		
20041020		2	23		
20041021		3	22		
20041022		2	21		
20041023		-3	15		
20041024		-5	18		
20041025		-5	18		
20041026		-2	18		
20041027		-3	20		
20041028		-3	20		
20041029		-2	20		
20041030		-1	20		
20041031		-2	19		
20041101		3	17		
20041102		2	14		
20041103		2	14		
20041104		2	14		
20041105		-1	12		
20041106		-2	10		
20041107		-2	13		
20041108		-2	12		
20041109		-1	13		
20041110		0	15		
20041111		1	13		
20041112		1	14		
20041113		1	14		
20041114		-3	12		
20041115		-2	13		
20041116		-2	11		
20041117		1	10		
20041118		3	9		
20041119		2	6		
20041120		-1	8		
20041121		1	8		
20041122		-1	12		
20041123		-4	7		
20041124		-7	-3		
20041125		-9	4		
20041126		-7	6		
20041127		-3	5		
20041128		-6	1		
20041129		-6	2		
20041130		-8	5		
20041201		-8	5		
20041202		-8	-1		
20041203		-8	-2		
20041204		-8	4		
20041205		-7	7		
20041206		-5	3		
20041207		-13	3		
20041208		-13	1		
20041209		-12	3		
20041210		-11	2		
20041211		-12	3		
20041212		-11	2		
20041213		-20	-3		
20041214		-14	-1		
20041215		-13	-2		
20041216		-10	-6		
20041217		-18	-6		
20041218		-29	-5		
20041219		-23	-1		
20041220		-17	1		
20041221		-9	1		
20041222		-13	4		
20041223		-21	1		
20041224		-19	5		
20041225		-14	0		
20041226		-12	2		
20041227		-16	2		
20041228		-18	2		
20041229		-17	6		
20041230		-13	7		
20041231		-10	8		
20050101		-10	8		
20050102		-7	10		
20050103		-2	5		
20050104		-9	2		
20050105		-9	4		
20050106		-5	1		
20050107		-15	2		
20050108		-17	0		
20050109		-16	1		
20050110		-16	-2		
20050111		-16	-3		
20050112		-19	-1		
20050113		-10	2		
20050114		-14	4		
20050115		-15	2		
20050116		-16	2		
20050117		-14	4		
20050118		-13	-2		
20050119		-9	3		
20050120		-19	2		
20050121		-13	1		
20050122		-14	2		
20050123		-13	2		
20050124		-7	4		
20050125		-9	0		
20050126		-17	1		
20050127		-15	4		
20050128		-14	-1		
20050129		-13	5		
20050130		-8	4		
20050131		-1	6		
20050201		1	6		
20050202		-3	2		
20050203		-8	1		
20050204		-7	-2		
20050205		-8	-2		
20050206		-11	-5		
20050207		-12	-6		
20050208		-17	-5		
20050209		-16	-7		
20050210		-22	-6		
20050211		-28	-5		
20050212		-27	-5		
20050213		-27	-6		
20050214		-26	-5		
20050215		-25	2		
20050216		-18	4		
20050217		-17	6		
20050218		-15	9		
20050219		-15	7		
20050220		-8	7		
20050221		-3	5		
20050222		-5	4		
20050223		-13	4		
20050224		-13	4		
20050225		-13	6		
20050226		-10	6		
20050227		-5	5		
20050228		-5	9		
20050301		1	9		
20050302		2	10		
20050303		1	11		
20050304		1	12		
20050305		-1	5		
20050306		-7	7		
20050307		-4	9		
20050308		0	6		
20050309		2	11		
20050310		1	11		
20050311		2	10		
20050312		0	9		
20050313		-4	8		
20050314		-4	9		
20050315		-5	9		
20050316		-6	9		
20050317		-5	7		
20050318		-7	10		
20050319		-6	13		
20050320		2	14		
20050321		0	8		
20050322		-4	13		
20050323		-3	8		
20050324		-7	0		
20050325		-16	-3		
20050326		-17	2		
20050327		-17	6		
20050328		-15	12		
20050329		1	14		
20050330		5	18		
20050331		5	18		
20050401		5	20		
20050402		1	15		
20050403		-3	2		
20050404		-6	2		
20050405		-4	2		
20050406		-6	10		
20050407		-6	9		
20050408		-6	14		
20050409		-6	16		
20050410		-4	12		
20050411		-2	15		
20050412		-2	17		
20050413		-2	21		
20050414		-2	24		
20050415		1	19		
20050416		2	15		
20050417		1	22		
20050418		2	18		
20050419		2	20		
20050420		9	23		
20050421		5	23		
20050422		3	24		
20050423		4	26		
20050424		6	30		
20050425		5	26		
20050426		5	19		
20050427		6	14		
20050428		5	18		
20050429		5	21		
20050430		4	22		
20050501		5	22		
20050502		5	21		
20050503		5	16		
20050504		4	12		
20050505		2	12		
20050506		3	15		
20050507		3	20		
20050508		3	23		
20050509		4	23		
20050510		5	20		
20050511		3	19		
20050512		4	21		
20050513		5	20		
20050514		6	19		
20050515		7	15		
20050516		7	18		
20050517		6	18		
20050518		6	16		
20050519		5	15		
20050520		3	12		
20050521		4	17		
20050522		3	19		
20050523		3	21		
20050524		4	21		
20050525		5	22		
20050526		6	25		
20050527		6	26		
20050528		7	24		
20050529		6	23		
20050530		7	22		
20050531		6	20		
20050601		6	20		
20050602		7	22		
20050603		6	23		
20050604		6	21		
20050605		7	21		
20050606		8	25		
20050607		7	22		
20050608		8	22		
20050609		8	22		
20050610		9	24		
20050611		7	27		
20050612		7	29		
20050613		8	28		
20050614		9	25		
20050615		9	28		
20050616		9	32		
20050617		10	25		
20050618		11	24		
20050619		9	27		
20050620		10	29		
20050621		10	29		
20050622		9	26		
20050623		9	22		
20050624		6	24		
20050625		6	23		
20050626		6	21		
20050627		7	23		
20050628		5	24		
20050629		6	27		
20050630		7	27		
20050701		8	27		
20050702		8	26		
20050703		9	27		
20050704		9	31		
20050705		10	32		
20050706		9	30		
20050707		11	28		
20050708		11	28		
20050709		10	28		
20050710		11	29		
20050711		12	30		
20050712		12	30		
20050713		12	27		
20050714		13	25		
20050715		12	28		
20050716		13	32		
20050717		11	35		
20050718		12	33		
20050719		12	30		
20050720		12	28		
20050721		11	28		
20050722		10	30		
20050723		11	30		
20050724		12	29		
20050725		11	31		
20050726		12	31		
20050727		12	29		
20050728		10	29		
20050729		11	29		
20050730		13	30		
20050731		13	29		
20050801		12	28		
20050802		13	28		
20050803		13	25		
20050804		14	28		
20050805		13	30		
20050806		12	31		
20050807		11	31		
20050808		12	30		
20050809		12	29		
20050810		10	28		
20050811		12	27		
20050812		12	25		
20050813		11	27		
20050814		10	27		
20050815		9	30		
20050816		10	31		
20050817		11	31		
20050818		10	32		
20050819		10	34		
20050820		10	34		
20050821		11	28		
20050822		11	23		
20050823		12	24		
20050824		12	31		
20050825		12	29		
20050826		13	26		
20050827		13	22		
20050828		13	21		
20050829		12	20		
20050830		10	19		
20050831		6	21		
20050901		5	26		
20050902		6	28		
20050903		7	28		
20050904		10	27		
20050905		12	26		
20050906		10	25		
20050907		9	18		
20050908		10	16		
20050909		10	16		
20050910		9	23		
20050911		7	30		
20050912		7	28		
20050913		11	23		
20050914		9	22		
20050915		6	24		
20050916		6	28		
20050917		6	28		
20050918		6	25		
20050919		7	23		
20050920		7	23		
20050921		7	27		
20050922		8	27		
