Date	Value
20050103	23.8
20050104	24
20050105	24.6
20050106	24.4
20050107	NA
20050108	NA
20050109	NA
20050110	NA
20050111	NA
20050112	NA
20050113	NA
20050114	NA
20050115	NA
20050116	NA
20050117	NA
20050118	NA
20050119	NA
20050120	NA
20050121	NA
20050122	NA
20050123	NA
20050124	NA
20050125	NA
20050126	NA
20050127	NA
20050128	NA
20050129	NA
20050130	NA
20050131	NA
20050201	NA
20050202	NA
20050203	NA
20050204	NA
20050205	NA
20050206	NA
20050207	NA
20050208	NA
20050209	NA
20050210	NA
20050211	NA
20050212	NA
20050213	NA
20050214	NA
20050215	NA
20050216	NA
20050217	NA
20050218	NA
20050219	NA
20050220	NA
20050221	NA
20050222	NA
20050223	NA
20050224	NA
20050225	NA
20050226	NA
20050227	NA
20050228	NA
20050301	NA
20050302	NA
20050303	NA
20050304	NA
20050305	23.2
20050306	NA
20050307	NA
20050308	NA
20050309	NA
20050310	NA
20050311	NA
20050312	21
20050313	20.8
20050314	24.8
20050315	24.6
20050316	NA
20050317	NA
20050318	NA
20050319	NA
20050320	24.8
20050321	25.2
20050322	NA
20050323	NA
20050324	22
20050325	20.8
20050326	22
20050327	21.8
20050328	25
20050329	24.8
20050330	23.8
20050331	NA
20050401	NA
20050402	NA
20050403	NA
20050404	NA
20050405	NA
20050406	NA
20050407	NA
20050408	NA
20050409	NA
20050410	NA
20050411	NA
20050412	NA
20050413	NA
20050414	NA
20050415	NA
20050416	NA
20050417	NA
20050418	NA
20050419	NA
20050420	NA
20050421	NA
20050422	NA
20050423	NA
20050424	NA
20050425	NA
20050426	NA
20050427	NA
20050428	NA
20050429	NA
20050430	NA
20050501	NA
20050502	NA
20050503	NA
20050504	NA
20050505	NA
20050506	NA
20050507	NA
20050508	NA
20050509	NA
20050510	NA
20050511	NA
20050512	NA
20050513	NA
20050514	NA
20050515	NA
20050516	NA
20050517	NA
20050518	NA
20050519	NA
20050520	NA
20050521	NA
20050522	NA
20050523	NA
20050524	NA
20050525	NA
20050526	NA
20050527	NA
20050528	NA
20050529	NA
20050530	NA
20050531	NA
20050601	NA
20050602	NA
20050603	NA
20050604	NA
20050605	NA
20050606	NA
20050607	NA
20050608	NA
20050609	NA
20050610	NA
20050611	NA
20050612	NA
20050613	NA
20050614	NA
20050615	NA
20050616	NA
20050617	NA
20050618	NA
20050619	NA
20050620	NA
20050621	NA
20050622	NA
20050623	NA
20050624	NA
20050625	NA
20050626	NA
20050627	NA
20050628	NA
20050629	NA
20050630	NA
20050701	NA
20050702	NA
20050703	NA
20050704	NA
20050705	NA
20050706	NA
20050707	NA
20050708	NA
20050709	NA
20050710	NA
20050711	NA
20050712	NA
20050713	NA
20050714	NA
20050715	NA
20050716	NA
20050717	NA
20050718	NA
20050719	NA
20050720	NA
20050721	NA
20050722	NA
20050723	NA
20050724	NA
20050725	NA
20050726	NA
20050727	NA
20050728	NA
20050729	NA
20050730	23.4
20050731	25
20050801	NA
20050802	NA
20050803	NA
20050804	NA
20050805	NA
20050806	NA
20050807	NA
20050808	NA
20050809	NA
20050810	NA
20050811	NA
20050812	NA
20050813	NA
20050814	NA
20050815	NA
20050816	NA
20050817	NA
20050818	NA
20050819	NA
20050820	NA
20050821	NA
20050822	NA
20050823	NA
20050824	NA
20050825	NA
20050826	NA
20050827	NA
20050828	NA
20050829	NA
20050830	NA
20050831	NA
20050901	NA
20050902	NA
20050903	NA
20050904	NA
20050905	NA
20050906	NA
20050907	NA
20050908	NA
20050909	NA
20050910	NA
20050911	NA
20050912	NA
20050913	NA
20050914	NA
20050915	NA
20050916	NA
20050917	NA
20050918	22.2
20050919	23
20050920	20.2
20050921	24.6
20050922	24.2
20050923	22.6
20050924	22.2
20050925	23.2
20050926	24.2
20050927	23.8
20050928	23.6
20050929	23.2
20050930	22.3
20051001	NA
20051002	21.4
20051003	24
20051004	23.2
20051005	23
20051006	22.4
20051007	22.4
20051008	20.1
20051009	20.2
20051010	23.4
20051011	24.6
20051012	23.4
20051013	24.4
20051014	24
20051015	23.8
20051016	23.4
20051017	23.2
20051018	23
20051019	22.6
20051020	22.4
20051021	22.2
20051022	22
20051023	23
20051024	24.2
20051025	23.6
20051026	23.2
20051027	23.4
20051028	23.2
20051029	22.8
20051030	NA
20051031	24.8
20051101	22.4
20051102	22.2
20051103	22
20051104	21.8
20051105	20.7
20051106	22.3
20051107	22.6
20051108	24.8
20051109	25
20051110	24
20051111	23.2
20051112	21.6
20051113	23.6
20051114	23.6
20051115	23.4
20051116	23.2
20051117	23
20051118	24
20051119	20
20051120	25.3
20051121	24.2
20051122	24
20051123	22.8
20051124	23.2
20051125	23
20051126	24.4
20051127	24.2
20051128	22
20051129	21.8
20051130	21
20051201	NA
20051202	23.8
20051203	23.4
20051204	23.2
20051205	24
20051206	23.6
20051207	23.6
20051208	22.6
20051209	22.4
20051210	22
20051211	21.9
20051212	NA
20051213	NA
20051214	20.8
20051215	20.6
20051216	20.4
20051217	20.1
20051218	20
20051219	23.6
20051220	24
20051221	24
20051222	23.6
20051223	24
20051224	23.6
20051225	24.6
20051226	24
20051227	24.2
20051228	24
20051229	23.6
20051230	23.2
20051231	23.7
20060101	21.4
20060102	23.6
20060103	22.6
20060104	22.6
20060105	22
20060106	21.8
20060107	21.4
20060108	23.2
20060109	22.8
20060110	23.8
20060111	23.2
20060112	23.2
20060113	23
20060114	20.3
20060115	21.8
20060116	NA
20060117	24
20060118	23.8
20060119	23.6
20060120	22.8
20060121	22.4
20060122	23.4
20060123	24.4
20060124	25
20060125	23.2
20060126	23.6
20060127	23.4
20060128	NA
20060129	NA
20060130	24.6
20060131	24.2
20060201	23.6
20060202	23.1
20060203	24.2
20060204	24.2
20060205	19.9
20060206	NA
20060207	NA
20060208	24.8
20060209	24
20060210	23.4
20060211	23.2
20060212	23
20060213	NA
20060214	22.6
20060215	22.4
20060216	22.2
20060217	21.8
20060218	21.2
20060219	NA
20060220	21
20060221	20.6
20060222	20.1
20060223	24.2
20060224	24
20060225	23.8
20060226	23.4
20060227	24.8
20060228	24
20060301	NA
20060302	NA
20060303	NA
20060304	23.2
20060305	24.2
20060306	NA
20060307	22.8
20060308	23
20060309	22.8
20060310	22.4
20060311	NA
20060312	25
20060313	24.9
20060314	24
20060315	23.8
20060316	23.2
20060317	NA
20060318	22
20060319	23.1
20060320	23.7
20060321	23.6
20060322	23.2
20060323	NA
20060324	23
20060325	25
20060326	24
20060327	23.8
20060328	22
20060329	24.4
20060330	NA
20060331	24.4
20060401	20.6
20060402	NA
20060403	NA
20060404	NA
20060405	22
20060406	NA
20060407	NA
20060408	NA
20060409	NA
20060410	NA
20060411	NA
20060412	NA
20060413	NA
20060414	NA
20060415	NA
20060416	NA
20060417	NA
20060418	NA
20060419	NA
20060420	NA
20060421	NA
20060422	NA
20060423	NA
20060424	NA
20060425	NA
20060426	NA
20060427	NA
20060428	NA
20060429	NA
20060430	NA
20060501	NA
20060502	NA
20060503	NA
20060504	NA
20060505	NA
20060506	NA
20060507	NA
20060508	NA
20060509	NA
20060510	NA
20060511	NA
20060512	NA
20060513	NA
20060514	NA
20060515	NA
20060516	NA
20060517	NA
20060518	NA
20060519	NA
20060520	NA
20060521	NA
20060522	NA
20060523	NA
20060524	NA
20060525	NA
20060526	NA
20060527	NA
20060528	NA
20060529	NA
20060530	NA
20060531	NA
20060601	NA
20060602	NA
20060603	NA
20060604	NA
20060605	NA
20060606	NA
20060607	NA
20060608	NA
20060609	NA
20060610	NA
20060611	NA
20060612	NA
20060613	NA
20060614	NA
20060615	NA
20060616	NA
20060617	NA
20060618	NA
20060619	NA
20060620	NA
20060621	NA
20060622	NA
20060623	NA
20060624	NA
20060625	NA
20060626	NA
20060627	NA
20060628	NA
20060629	NA
20060630	NA
20060701	NA
20060702	NA
20060703	NA
20060704	NA
20060705	NA
20060706	NA
20060707	NA
20060708	NA
20060709	NA
20060710	NA
20060711	NA
20060712	NA
20060713	NA
20060714	NA
20060715	NA
20060716	NA
20060717	NA
20060718	NA
20060719	NA
20060720	NA
20060721	NA
20060722	NA
20060723	NA
20060724	NA
20060725	NA
20060726	NA
20060727	NA
20060728	NA
20060729	NA
20060730	NA
20060731	NA
20060801	NA
20060802	NA
20060803	NA
20060804	NA
20060805	NA
20060806	NA
20060807	NA
20060808	NA
20060809	NA
20060810	NA
20060811	NA
20060812	NA
20060813	NA
20060814	NA
20060815	NA
20060816	NA
20060817	NA
20060818	NA
20060819	NA
20060820	NA
20060821	NA
20060822	NA
20060823	NA
20060824	NA
20060825	NA
20060826	NA
20060827	NA
20060828	NA
20060829	NA
20060830	NA
20060831	NA
20060901	NA
20060902	NA
20060903	NA
20060904	NA
20060905	NA
20060906	NA
20060907	NA
20060908	NA
20060909	NA
20060910	NA
20060911	NA
20060912	NA
20060913	NA
20060914	NA
20060915	NA
20060916	NA
20060917	NA
20060918	NA
20060919	NA
20060920	NA
20060921	NA
20060922	NA
20060923	NA
20060924	NA
20060925	NA
20060926	NA
20060927	NA
20060928	NA
20060929	NA
20060930	NA
20061001	NA
20061002	NA
20061003	NA
20061004	NA
20061005	NA
20061006	NA
20061007	NA
20061008	NA
20061009	NA
20061010	NA
20061011	NA
20061012	NA
20061013	NA
20061014	NA
20061015	NA
20061016	NA
20061017	NA
20061018	NA
20061019	NA
20061020	NA
20061021	NA
20061022	NA
20061023	NA
20061024	NA
20061025	NA
20061026	NA
20061027	NA
20061028	NA
20061029	NA
20061030	NA
20061031	NA
20061101	NA
20061102	NA
20061103	NA
20061104	NA
20061105	NA
20061106	NA
20061107	NA
20061108	NA
20061109	NA
20061110	NA
20061111	NA
20061112	NA
20061113	NA
20061114	NA
20061115	NA
20061116	NA
20061117	NA
20061118	NA
20061119	NA
20061120	NA
20061121	NA
20061122	NA
20061123	NA
20061124	NA
20061125	NA
20061126	NA
20061127	NA
20061128	NA
20061129	NA
20061130	NA
20061201	NA
20061202	NA
20061203	NA
20061204	NA
20061205	NA
20061206	NA
20061207	NA
20061208	NA
20061209	NA
20061210	NA
20061211	NA
20061212	NA
20061213	NA
20061214	NA
20061215	NA
20061216	NA
20061217	NA
20061218	NA
20061219	NA
20061220	NA
20061221	NA
20061222	NA
20061223	NA
20061224	NA
20061225	NA
20061226	NA
20061227	NA
20061228	NA
20061229	NA
20061230	NA
20061231	NA
20070101	NA
20070102	24.8
20070103	24
20070104	23.8
20070105	24.8
20070106	23.4
20070107	23.8
20070108	23.8
20070109	23.9
20070110	23.4
20070111	24.4
20070112	24
20070113	23.6
20070114	23
20070115	23.6
20070116	23.8
20070117	23.8
20070118	24.6
20070119	23.4
20070120	23.6
20070121	NA
20070122	23.6
20070123	24.6
20070124	24
20070125	23.4
20070126	24.8
20070127	23.5
20070128	23.8
20070129	23.8
20070130	24.6
20070131	24
20070201	24.6
20070202	23.8
20070203	24.4
20070204	23.4
20070205	23.6
20070206	23.8
20070207	23.2
20070208	23.6
20070209	24.4
20070210	23.8
20070211	23.6
20070212	23.8
20070213	23.6
20070214	23.6
20070215	22.8
20070216	22.8
20070217	24.4
20070218	23.8
20070219	23
20070220	23
20070221	23.8
20070222	23.6
20070223	23.4
20070224	23.2
20070225	NA
20070226	24.4
20070227	24.4
20070228	24.4
20070301	25.4
20070302	25.2
20070303	24.4
20070304	25.4
20070305	24.8
20070306	24
20070307	24.6
20070308	22
20070309	24.6
20070310	23.6
20070311	NA
20070312	24.6
20070313	24.4
20070314	24.2
20070315	24.8
20070316	24.8
20070317	24.2
20070318	24.2
20070319	24.4
20070320	24.4
20070321	24.8
20070322	25.2
20070323	24.8
20070324	NA
20070325	24.6
20070326	24.2
20070327	24.2
20070328	24.4
20070329	23.8
20070330	24.8
20070331	NA
20070401	NA
20070402	24.4
20070403	24.6
20070404	24.4
20070405	25
20070406	24.2
20070407	23.8
20070408	25
20070409	24.2
20070410	25
20070411	23.4
20070412	24.4
20070413	24.2
20070414	NA
20070415	25.2
20070416	25.6
20070417	25.2
20070418	25
20070419	24.6
20070420	24.4
20070421	NA
20070422	NA
20070423	23
20070424	NA
20070425	NA
20070426	NA
20070427	NA
20070428	NA
20070429	23
20070430	NA
20070501	NA
20070502	NA
20070503	24
20070504	24.2
20070505	24.2
20070506	25
20070507	25
20070508	25.2
20070509	24.8
20070510	24.8
20070511	25.2
20070512	22.4
20070513	23
20070514	24.8
20070515	25.2
20070516	25
20070517	24.8
20070518	24.8
20070519	24
20070520	23.4
20070521	24
20070522	23
20070523	24
20070524	23.8
20070525	23.4
20070526	NA
20070527	NA
20070528	23
20070529	23.8
20070530	23.8
20070531	23.4
20070601	23.4
20070602	19.8
20070603	19.6
20070604	23.2
20070605	23.2
20070606	24.4
20070607	24.2
20070608	22.4
20070609	NA
20070610	NA
20070611	NA
20070612	25
20070613	25.2
20070614	24.4
20070615	21.4
20070616	21.2
20070617	21.2
20070618	24.2
20070619	25.4
20070620	23
20070621	24.6
20070622	23.2
20070623	NA
20070624	NA
20070625	22.6
20070626	22.4
20070627	23.4
20070628	25
20070629	22.8
20070630	22.7
20070701	23.4
20070702	22.8
20070703	25.4
20070704	24
20070705	24
20070706	23.2
20070707	23.2
20070708	22.8
20070709	NA
20070710	24.4
20070711	23
20070712	23.8
20070713	23.8
20070714	23.8
20070715	22.4
20070716	24.6
20070717	24.6
20070718	23.4
20070719	23
20070720	NA
20070721	23.2
20070722	NA
20070723	24
20070724	24
20070725	24.2
20070726	22.6
20070727	24.2
20070728	NA
20070729	24.4
20070730	21.6
20070731	21
20070801	24
20070802	24
20070803	24.2
20070804	19.4
20070805	23
20070806	24.2
20070807	23.6
20070808	24.4
20070809	24.6
20070810	24.2
20070811	20
20070812	22.4
20070813	24
20070814	24.4
20070815	24.2
20070816	24.4
20070817	24.2
20070818	20.1
20070819	NA
20070820	NA
20070821	24.8
20070822	22.2
20070823	22
20070824	24.8
20070825	22
20070826	20.2
20070827	23
20070828	23.8
20070829	23
20070830	23
20070831	24
20070901	23.2
20070902	20
20070903	23.4
20070904	23
20070905	22.4
20070906	24.2
20070907	24.2
20070908	23.8
20070909	NA
20070910	23.8
20070911	23.6
20070912	23.8
20070913	23.8
20070914	23
20070915	23
20070916	19.6
20070917	24
20070918	23.8
20070919	23.8
20070920	23.8
20070921	23.8
20070922	23.6
20070923	24.5
20070924	23.6
20070925	24
20070926	23.2
20070927	23
20070928	23
20070929	NA
20070930	22.9
20071001	22.8
20071002	22.8
20071003	24.6
20071004	24.8
20071005	23
20071006	23
20071007	23.4
20071008	23.2
20071009	22.8
20071010	22.8
20071011	22.8
20071012	22.8
20071013	23.5
20071014	19.8
20071015	22.8
20071016	22.4
20071017	22.4
20071018	22.4
20071019	22.8
20071020	22.6
20071021	22.8
20071022	23.4
20071023	23.2
20071024	23.2
20071025	22.4
20071026	20
20071027	24.4
20071028	24.7
20071029	23.4
20071030	23.2
20071031	23.2
20071101	23.2
20071102	22.6
20071103	22.7
20071104	22.7
20071105	24.3
20071106	23.6
20071107	23.4
20071108	24.4
20071109	22.2
20071110	22.2
20071111	22.2
20071112	24.4
20071113	24.6
20071114	23.8
20071115	23.2
20071116	24.2
20071117	22.3
20071118	24.8
20071119	25.6
20071120	25.2
20071121	24.2
20071122	24.8
20071123	24
20071124	24.1
20071125	24
20071126	23.8
20071127	23.8
20071128	24.2
20071129	24.2
20071130	24.2
20071201	24.2
20071202	23.4
20071203	23.6
20071204	22.4
20071205	22.4
20071206	22.4
20071207	23.1
20071208	24.2
20071209	23.8
20071210	23.4
20071211	22.8
20071212	23.8
20071213	23.8
20071214	23.6
20071215	23
20071216	22
20071217	23.4
20071218	22.4
20071219	23
20071220	23
20071221	24.2
20071222	24.8
20071223	24.8
20071224	25
20071225	24
20071226	21
20071227	23.6
20071228	23.6
20071229	23.6
20071230	24.4
20071231	24.4
20080101	NA
20080102	NA
20080103	NA
20080104	NA
20080105	NA
20080106	NA
20080107	NA
20080108	NA
20080109	NA
20080110	NA
20080111	NA
20080112	NA
20080113	NA
20080114	NA
20080115	NA
20080116	NA
20080117	NA
20080118	NA
20080119	NA
20080120	NA
20080121	NA
20080122	NA
20080123	NA
20080124	NA
20080125	NA
20080126	NA
20080127	NA
20080128	NA
20080129	NA
20080130	NA
20080131	NA
20080201	22.8
20080202	22.6
20080203	22
20080204	22.4
20080205	22.4
20080206	23.8
20080207	23.6
20080208	23.4
20080209	23.3
20080210	23.1
20080211	24.6
20080212	24.6
20080213	24.6
20080214	20.4
20080215	24.4
20080216	23
20080217	24
20080218	24.2
20080219	23
20080220	22.4
20080221	23.2
20080222	23.2
20080223	NA
20080224	24
20080225	24.2
20080226	23.6
20080227	22.8
20080228	22.8
20080229	23.4
20080301	23.7
20080302	23.6
20080303	23.4
20080304	24.8
20080305	24.8
20080306	23.6
20080307	22.4
20080308	22
20080309	22.2
20080310	23.8
20080311	23
20080312	23.4
20080313	23.6
20080314	24
20080315	23.3
20080316	23.1
20080317	23.1
20080318	23.4
20080319	23.8
20080320	24.6
20080321	24
20080322	24
20080323	23.5
20080324	23.8
20080325	24.8
20080326	24.6
20080327	24.6
20080328	24.2
20080329	24.4
20080330	24.1
20080331	24.4
20080401	24.2
20080402	23.6
20080403	23.4
20080404	24
20080405	24
20080406	23.2
20080407	24.4
20080408	24
20080409	25
20080410	24.8
20080411	25
20080412	24.2
20080413	25
20080414	24.4
20080415	22.4
20080416	22.2
20080417	22.2
20080418	22
20080419	22.8
20080420	25.4
20080421	25.2
20080422	25.4
20080423	22
20080424	24.8
20080425	23.2
20080426	22.4
20080427	24.4
20080428	24.8
20080429	24.2
20080430	25.4
20080501	19.7
20080502	23.2
20080503	19.4
20080504	19.9
20080505	20.2
20080506	22
20080507	22.4
20080508	23.6
20080509	22.2
20080510	22.8
20080511	22
20080512	NA
20080513	NA
20080514	NA
20080515	19.4
20080516	20.8
20080517	20
20080518	21.3
20080519	20.6
20080520	NA
20080521	20.4
20080522	20.2
20080523	23
20080524	23.4
20080525	24
20080526	23
20080527	22.4
20080528	22.4
20080529	23.4
20080530	24.8
20080531	25
20080601	25.2
20080602	25
20080603	21.4
20080604	21.6
20080605	21.4
20080606	21.4
20080607	24.2
20080608	24
20080609	25.6
20080610	22.4
20080611	NA
20080612	NA
20080613	24
20080614	25
20080615	24.2
20080616	NA
20080617	NA
20080618	23.4
20080619	NA
20080620	NA
20080621	NA
20080622	NA
20080623	NA
20080624	NA
20080625	NA
20080626	NA
20080627	25
20080628	23.3
20080629	22.7
20080630	24.4
20080701	24.8
20080702	23.4
20080703	23.4
20080704	23.2
20080705	23.4
20080706	23.8
20080707	22.8
20080708	22.8
20080709	24.4
20080710	23.8
20080711	23.8
20080712	22.8
20080713	23
20080714	23
20080715	23.8
20080716	23.4
20080717	23.8
20080718	23.8
20080719	20.2
20080720	19
20080721	22.4
20080722	22.4
20080723	24
20080724	25.2
20080725	22.6
20080726	21.8
20080727	24
20080728	22.8
20080729	22.8
20080730	24.2
20080731	24.8
20080801	24.6
20080802	23.8
20080803	21.4
20080804	24.2
20080805	23.4
20080806	23.2
20080807	22.6
20080808	24
20080809	23.8
20080810	22.6
20080811	23.2
20080812	23.4
20080813	24.6
20080814	24.2
20080815	23.6
20080816	19.8
20080817	22.8
20080818	23.6
20080819	23.8
20080820	23.8
20080821	23.4
20080822	23.4
20080823	23
20080824	23.8
20080825	23.2
20080826	23.4
20080827	23.8
20080828	23.4
20080829	23
20080830	21.2
20080831	22
20080901	NA
20080902	24.2
20080903	22.6
20080904	22.4
20080905	22.4
20080906	21
20080907	21.8
20080908	23.6
20080909	24.4
20080910	23.4
20080911	24.2
20080912	23
20080913	25.6
20080914	23.2
20080915	24
20080916	24.4
20080917	23.8
20080918	23.2
20080919	23
20080920	24.4
20080921	19
20080922	22.6
20080923	23.2
20080924	24.4
20080925	23.6
20080926	23.6
20080927	23.2
20080928	22.4
20080929	24
20080930	NA
20081001	NA
20081002	23.6
20081003	NA
20081004	23.3
20081005	22.8
20081006	23.4
20081007	NA
20081008	24.2
20081009	23.4
20081010	22.4
20081011	19.2
20081012	19.8
20081013	19.8
20081014	22.8
20081015	23.4
20081016	23.4
20081017	25
20081018	22
20081019	23.2
20081020	24.2
20081021	NA
20081022	24.4
20081023	25.2
20081024	24
20081025	23.2
20081026	24.4
20081027	25.4
20081028	25.2
20081029	25
20081030	24.8
20081031	24.8
20081101	23.3
20081102	23.4
20081103	23
20081104	NA
20081105	NA
20081106	20
20081107	24.6
20081108	24
20081109	21
20081110	NA
20081111	24.8
20081112	25
20081113	25.4
20081114	23
20081115	22.8
20081116	22.6
20081117	23
20081118	24
20081119	24.4
20081120	24.4
20081121	NA
20081122	21.4
20081123	22.6
20081124	25
20081125	24.4
20081126	23.4
20081127	23.4
20081128	24.2
20081129	23
20081130	23.6
20081201	23.8
20081202	24.4
20081203	24.2
20081204	24
20081205	23.8
20081206	24.4
20081207	24.4
20081208	24.4
20081209	25
20081210	25.4
20081211	25
20081212	19.8
20081213	23.4
20081214	21.2
20081215	24.2
20081216	23.8
20081217	22.8
20081218	22.8
20081219	23
20081220	23.2
20081221	23.1
20081222	22.2
20081223	22.4
20081224	23
20081225	22.6
20081226	20.2
20081227	23.1
20081228	23
20081229	20
20081230	20.9
20081231	20.2
20090101	24.2
20090102	24.2
20090103	24.7
20090104	24.9
20090105	22.8
20090106	22.6
20090107	21.2
20090108	21
20090109	22
20090110	22
20090111	22.2
20090112	22.4
20090113	22
20090114	22.6
20090115	21.4
20090116	21.4
20090117	21.4
20090118	23
20090119	23.2
20090120	23
20090121	23.2
20090122	23.2
20090123	23
20090124	20.9
20090125	20.6
20090126	23.4
20090127	23
20090128	23
20090129	23.8
20090130	24.6
20090131	24
20090201	23.8
20090202	24
20090203	23.4
20090204	24.8
20090205	24.8
20090206	24.6
20090207	23
20090208	23
20090209	24
20090210	24.2
20090211	24.8
20090212	23.8
20090213	NA
20090214	24.3
20090215	24
20090216	23.8
20090217	23.4
20090218	NA
20090219	23.8
20090220	24.8
20090221	24
20090222	24.8
20090223	25
20090224	24
20090225	24
20090226	23.8
20090227	24.2
20090228	24.8
20090301	24.2
20090302	23.2
20090303	23.4
20090304	23.6
20090305	23.8
20090306	23.2
20090307	19.6
20090308	19.8
20090309	23.6
20090310	23.8
20090311	24
20090312	24.2
20090313	23.6
20090314	23.6
20090315	23.4
20090316	23.8
20090317	23.6
20090318	23.8
20090319	24.2
20090320	23.4
20090321	23.3
20090322	24.1
20090323	24
20090324	24.4
20090325	24.6
20090326	NA
20090327	24.4
20090328	24.6
20090329	23.5
20090330	24.2
20090331	25
20090401	24.2
20090402	23.2
20090403	22.4
20090404	24.1
20090405	20.8
20090406	23.8
20090407	24.4
20090408	23.6
20090409	24
20090410	NA
20090411	18.8
20090412	25.6
20090413	24.4
20090414	24.6
20090415	24.4
20090416	24.4
20090417	NA
20090418	24.2
20090419	24.8
20090420	25.4
20090421	22.8
20090422	22.6
20090423	23
20090424	24.4
20090425	25
20090426	24
20090427	24.8
20090428	NA
20090429	25.8
20090430	25.6
20090501	24
20090502	24.2
20090503	23.2
20090504	23.4
20090505	23.4
20090506	23.2
20090507	25
20090508	NA
20090509	24
20090510	25.4
20090511	24.4
20090512	24.2
20090513	NA
20090514	NA
20090515	23.6
20090516	22.1
20090517	25
20090518	25.2
20090519	24.2
20090520	23
20090521	23.4
20090522	25
20090523	25.6
20090524	24.4
20090525	24.2
20090526	23.2
20090527	23
20090528	23
20090529	NA
20090530	24
20090531	25.2
20090601	24.2
20090602	25.4
20090603	25.2
20090604	NA
20090605	25
20090606	22
20090607	23
20090608	24
20090609	23.8
20090610	23.4
20090611	23.4
20090612	24.6
20090613	22.6
20090614	23.8
20090615	23.6
20090616	24.8
20090617	23.2
20090618	24.4
20090619	23.8
20090620	24
20090621	NA
20090622	NA
20090623	NA
20090624	23.8
20090625	23.8
20090626	24.4
20090627	22.8
20090628	NA
20090629	22.2
20090630	22.2
20090701	24.4
20090702	NA
20090703	23.4
20090704	23
20090705	22.8
20090706	25.4
20090707	23.8
20090708	23.8
20090709	22.8
20090710	22.6
20090711	22.6
20090712	22.4
20090713	23.6
20090714	23.4
20090715	23
20090716	25.4
20090717	24.2
20090718	22.7
20090719	24.6
20090720	22.1
20090721	23.4
20090722	24.2
20090723	NA
20090724	25
20090725	23.6
20090726	25
20090727	26
20090728	23
20090729	NA
20090730	NA
20090731	21.8
20090801	21.7
20090802	23.6
20090803	21.2
20090804	23.8
20090805	23.6
20090806	23.4
20090807	22
20090808	23.2
20090809	24.8
20090810	24.2
20090811	24.2
20090812	23.8
20090813	23.2
20090814	23
20090815	23
20090816	24.7
20090817	24.7
20090818	24.9
20090819	21.8
20090820	24.8
20090821	23.6
20090822	21.4
20090823	22.4
20090824	23.8
20090825	24
20090826	24.8
20090827	24.8
20090828	24
20090829	24
20090830	21
20090831	24.4
20090901	25.4
20090902	23.6
20090903	23.6
20090904	24.2
20090905	24.8
20090906	25.8
20090907	26.4
20090908	26
20090909	23.4
20090910	23.2
20090911	25.2
20090912	23.6
20090913	NA
20090914	NA
20090915	24.8
20090916	23.4
20090917	23.4
20090918	23.4
20090919	23.2
20090920	22
20090921	25.8
20090922	24.2
20090923	24
20090924	26.4
20090925	26.4
20090926	22.8
20090927	22.9
20090928	24.2
20090929	NA
20090930	25.6
20091001	25.6
20091002	24.6
20091003	23.8
20091004	23.1
20091005	24.4
20091006	24.4
20091007	24.2
20091008	25.2
20091009	25.3
20091010	25.9
20091011	24.6
20091012	23.4
20091013	NA
20091014	24.6
20091015	23.6
20091016	22.8
20091017	23.4
20091018	24.8
20091019	24
20091020	24.4
20091021	23.6
20091022	23.6
20091023	23.6
20091024	23.4
20091025	23.2
20091026	23.2
20091027	23
20091028	22.6
20091029	23.6
20091030	23.4
20091031	20
20091101	20.4
20091102	21
20091103	22.8
20091104	25
20091105	24.6
20091106	23.8
20091107	23.4
20091108	23.4
20091109	23.8
20091110	23.6
20091111	24.8
20091112	23.8
20091113	24.8
20091114	24.6
20091115	25.6
20091116	24.8
20091117	24.2
20091118	25.2
20091119	25.2
20091120	25.4
20091121	25.8
20091122	23.1
20091123	25.4
20091124	24.6
20091125	24.4
20091126	25.4
20091127	25
20091128	22.6
20091129	25.2
20091130	24.4
20091201	24.2
20091202	25
20091203	24.8
20091204	25
20091205	25
20091206	25
20091207	24.8
20091208	24.9
20091209	25
20091210	24.2
20091211	25
20091212	21.6
20091213	22.2
20091214	25
20091215	24.4
20091216	24.4
20091217	24
20091218	24.2
20091219	23.1
20091220	22.8
20091221	23
20091222	23.2
20091223	23
20091224	23.8
20091225	23.6
20091226	23
20091227	22.8
20091228	23.4
20091229	24.8
20091230	24
20091231	25.2
20100101	25.2
20100102	24.3
20100103	24
20100104	24.4
20100105	23.2
20100106	23.6
20100107	23.8
20100108	24.4
20100109	24.2
20100110	21
20100111	23.4
20100112	23.2
20100113	23
20100114	24.2
20100115	24
20100116	22.1
20100117	25.2
20100118	24.6
20100119	24.4
20100120	24.2
20100121	24
20100122	24.8
20100123	24.4
20100124	24.3
20100125	24.2
20100126	24.2
20100127	24
20100128	NA
20100129	23.4
20100130	23.2
20100131	24
20100201	24.2
20100202	24
20100203	24
20100204	24
20100205	23.8
20100206	23.8
20100207	24.9
20100208	25
20100209	25
20100210	24.8
20100211	23.4
20100212	25
20100213	25
20100214	24.8
20100215	24.8
20100216	25
20100217	24.8
20100218	24.2
20100219	24.8
20100220	24.6
20100221	22.2
20100222	25.4
20100223	25.2
20100224	24.8
20100225	24
20100226	22.8
20100227	22.6
20100228	25
20100301	25
20100302	23.2
20100303	23
20100304	23
20100305	23
20100306	22.8
20100307	25
20100308	23.8
20100309	23.8
20100310	23.8
20100311	23.6
20100312	23.6
20100313	23.4
20100314	22
20100315	25.8
20100316	23.4
20100317	23.8
20100318	24
20100319	24
20100320	25
20100321	25.8
20100322	26.2
20100323	25.4
20100324	23.2
20100325	23.2
20100326	25.4
20100327	25.5
20100328	25.1
20100329	25.4
20100330	24.4
20100331	24.6
20100401	25.2
20100402	25.6
20100403	25.2
20100404	25.2
20100405	23.6
20100406	22.6
20100407	25.2
20100408	22.4
20100409	22
20100410	22
20100411	22
20100412	25.6
20100413	24.2
20100414	23.5
20100415	24
20100416	23.8
20100417	24.6
20100418	24.8
20100419	26.2
20100420	25.6
20100421	25.4
20100422	24.8
20100423	26.8
20100424	25.3
20100425	25.4
20100426	25.4
20100427	25
20100428	26.4
20100429	25
20100430	24
20100501	22.8
20100502	22.5
20100503	24.6
20100504	23.8
20100505	24.4
20100506	25.4
20100507	25
20100508	22.6
20100509	19.6
20100510	25.8
20100511	25
20100512	24.8
20100513	24
20100514	24
20100515	25.8
20100516	25.2
20100517	26
20100518	26.8
20100519	23.4
20100520	25.2
20100521	25
20100522	24.8
20100523	24.2
20100524	23.8
20100525	23.5
20100526	24.4
20100527	23.6
20100528	23.6
20100529	25.7
20100530	25.9
20100531	25.5
20100601	23.8
20100602	23.4
20100603	24.2
20100604	24
20100605	21.2
20100606	23.8
20100607	23.2
20100608	24.4
20100609	22.4
20100610	22.2
20100611	24
20100612	22.4
20100613	24.6
20100614	24
20100615	23.6
20100616	24
20100617	25
20100618	25.2
20100619	24.8
20100620	23
20100621	24.6
20100622	23.8
20100623	25.4
20100624	24.4
20100625	24.2
20100626	24
20100627	23.8
20100628	23
20100629	25.4
20100630	24.8
20100701	23.8
20100702	23.4
20100703	23
20100704	24
20100705	24.6
20100706	23
20100707	24.6
20100708	24.2
20100709	24
20100710	20.1
20100711	20.8
20100712	23.2
20100713	23
20100714	23
20100715	23.6
20100716	22.6
20100717	21.2
20100718	20.6
20100719	24
20100720	21.8
20100721	24
20100722	24
20100723	22.8
20100724	22.6
20100725	24.2
20100726	23.8
20100727	23.6
20100728	23.6
20100729	22.8
20100730	24
20100731	23.2
20100801	24
20100802	23.8
20100803	24.8
20100804	24.4
20100805	24.4
20100806	23.8
20100807	23.6
20100808	24
20100809	23.6
20100810	24.2
20100811	24.8
20100812	23.6
20100813	24
20100814	24
20100815	22.5
20100816	23.2
20100817	23.4
20100818	23.2
20100819	23.2
20100820	23.4
20100821	23.2
20100822	24.2
20100823	24.4
20100824	24.2
20100825	24
20100826	24
20100827	23.8
20100828	23.2
20100829	23.1
20100830	24.6
20100831	24
20100901	23.8
20100902	23.6
20100903	23.4
20100904	24
20100905	23.6
20100906	23.6
20100907	23.6
20100908	23.4
20100909	24
20100910	23.6
20100911	24
20100912	23.4
20100913	24.2
20100914	23.6
20100915	23.6
20100916	24
20100917	24
20100918	21.4
20100919	20.8
20100920	23.2
20100921	23.4
20100922	23.4
20100923	23.2
20100924	22.8
20100925	22.6
20100926	22.2
20100927	20.2
20100928	22
20100929	24
20100930	23.6
20101001	23.6
20101002	24.6
20101003	23
20101004	23
20101005	24
20101006	24
20101007	23.2
20101008	24.6
20101009	24.8
20101010	25.2
20101011	NA
20101012	25
20101013	23.6
20101014	23.6
20101015	23.8
20101016	23
20101017	24.1
20101018	23.2
20101019	24
20101020	24.6
20101021	23.2
20101022	22.8
20101023	23
20101024	23
20101025	23
20101026	23.4
20101027	23.6
20101028	24.4
20101029	23
20101030	23.2
20101031	23.8
20101101	24.4
20101102	24.2
20101103	24.6
20101104	22.8
20101105	24.4
20101106	22.4
20101107	21.4
20101108	23.2
20101109	23.2
20101110	23
20101111	24.4
20101112	23.8
20101113	23.6
20101114	23
20101115	22.6
20101116	23.2
20101117	23.2
20101118	23
20101119	22.8
20101120	24
20101121	23.6
20101122	23.4
20101123	23.2
20101124	22.8
20101125	22.6
20101126	22.4
20101127	23.4
20101128	23.6
20101129	22.8
20101130	23.2
20101201	23.2
20101202	23
20101203	22.8
20101204	22.7
20101205	22.7
20101206	23.2
20101207	23.2
20101208	23
20101209	24
20101210	23.8
20101211	23.6
20101212	24.4
20101213	24.2
20101214	23.6
20101215	22.4
20101216	22
20101217	22
20101218	22.3
20101219	22.6
20101220	20.3
20101221	22.6
20101222	23
20101223	22.8
20101224	23.4
20101225	23
20101226	24.2
20101227	23.6
20101228	23.2
20101229	24.4
20101230	24.4
20101231	23
20110101	23.6
20110102	23
20110103	24.2
20110104	NA
20110105	22.4
20110106	22.2
20110107	22.2
20110108	20.8
20110109	21.1
20110110	21.2
20110111	24.4
20110112	24.4
20110113	24.6
20110114	24.2
20110115	24.6
20110116	22
20110117	24.6
20110118	23.6
20110119	23.6
20110120	23
20110121	NA
20110122	23
20110123	23.2
20110124	23.6
20110125	23
20110126	24.2
20110127	24.2
20110128	23.2
20110129	23
20110130	24.2
20110131	24.6
20110201	24.2
20110202	24.2
20110203	23.6
20110204	23.6
20110205	23.2
20110206	22.8
20110207	23.6
20110208	23.6
20110209	23.4
20110210	23.4
20110211	23.4
20110212	23.3
20110213	24
20110214	24
20110215	24.8
20110216	23.4
20110217	23.2
20110218	23.4
20110219	23.3
20110220	23.6
20110221	NA
20110222	23.4
20110223	23.2
20110224	24.8
20110225	23.4
20110226	24
20110227	23.8
20110228	NA
20110301	22.6
20110302	23
20110303	24.2
20110304	23
20110305	23.2
20110306	24.1
20110307	23.4
20110308	23.8
20110309	24.2
20110310	24.2
20110311	23
20110312	22
20110313	20.4
20110314	22.6
20110315	22.4
20110316	23.4
20110317	23.8
20110318	23.6
20110319	23.8
20110320	24.8
20110321	24
20110322	23.2
20110323	23
20110324	24
20110325	24
20110326	23.6
20110327	24.4
20110328	24.4
20110329	24
20110330	25.4
20110331	24.8
20110401	24.4
20110402	25.1
20110403	25.3
20110404	24
20110405	25.2
20110406	23.8
20110407	23.6
20110408	23.4
20110409	24.2
20110410	21.5
20110411	23.6
20110412	23.6
20110413	23.2
20110414	23.8
20110415	23.8
20110416	22.4
20110417	22.8
20110418	24.6
20110419	24.2
20110420	24.2
20110421	23.8
20110422	23.3
20110423	22.8
20110424	23.3
20110425	24.6
20110426	24.4
20110427	24.6
20110428	23.6
20110429	24.4
20110430	24.3
20110501	24.8
20110502	24.8
20110503	25.4
20110504	23
20110505	22.6
20110506	22.3
20110507	24.5
20110508	24.2
20110509	24.4
20110510	25
20110511	23.4
20110512	25.6
20110513	25
20110514	22.1
20110515	22.2
20110516	24
20110517	23.8
20110518	23.2
20110519	23
20110520	23
20110521	23
20110522	23.6
20110523	23.6
20110524	23.4
20110525	24
20110526	24
20110527	24
20110528	24
20110529	23.6
20110530	24.2
20110531	25
20110601	24
20110602	24.2
20110603	NA
20110604	23.3
20110605	23.4
20110606	23.4
20110607	23.4
20110608	25
20110609	24.4
20110610	24.4
20110611	24.3
20110612	24.3
20110613	24.2
20110614	24.6
20110615	25.2
20110616	24.6
20110617	23.8
20110618	25
20110619	23.6
20110620	23.4
20110621	24.6
20110622	24.4
20110623	24.4
20110624	23.6
20110625	22
20110626	23
20110627	23.6
20110628	24.2
20110629	25.6
20110630	24
20110701	22
20110702	22
20110703	23.4
20110704	24.9
20110705	24.4
20110706	23.8
20110707	23.6
20110708	23.4
20110709	22.5
20110710	21.5
20110711	24.8
20110712	24
20110713	23.8
20110714	22.4
20110715	22.6
20110716	22.8
20110717	21.5
20110718	NA
20110719	24.5
20110720	NA
20110721	24
20110722	25.4
20110723	21.3
20110724	NA
20110725	24.8
20110726	22.8
20110727	24.4
20110728	23.4
20110729	22.8
20110730	22.8
20110731	23.8
20110801	24
20110802	24.4
20110803	24.2
20110804	24
20110805	25.2
20110806	25
20110807	23.6
20110808	25
20110809	23.4
20110810	24.6
20110811	22.4
20110812	24
20110813	23.8
20110814	23.7
20110815	23.9
20110816	23
20110817	23
20110818	25
20110819	24.4
20110820	23.6
20110821	24.2
20110822	24.2
20110823	24.6
20110824	23.4
20110825	23.8
20110826	25.6
20110827	22.8
20110828	24.8
20110829	24.8
20110830	24.8
20110831	25.8
20110901	23
20110902	24.4
20110903	23.6
20110904	21.4
20110905	24.6
20110906	24.6
20110907	21.4
20110908	21.4
20110909	23.6
20110910	23.8
20110911	22.9
20110912	22.8
20110913	22.6
20110914	22.4
20110915	22.4
20110916	22.2
20110917	24.4
20110918	23.4
20110919	23.4
20110920	23.4
20110921	23.6
20110922	23.4
20110923	24
20110924	25
20110925	24.6
20110926	23.6
20110927	23.4
20110928	24
20110929	22
20110930	24.6
20111001	24.4
20111002	25
20111003	25.2
20111004	25.4
20111005	23.8
20111006	23.8
20111007	23.6
20111008	25
20111009	22.6
20111010	24.8
20111011	24.2
20111012	23.4
20111013	23.2
20111014	NA
20111015	22.1
20111016	20.8
20111017	22.3
20111018	24.6
20111019	22.2
20111020	23.4
20111021	22.4
20111022	22.9
20111023	22.5
20111024	21.6
20111025	21.4
20111026	24.6
20111027	24.4
20111028	24.4
20111029	23.2
20111030	23
20111031	23.2
20111101	23
20111102	24
20111103	25
20111104	25
20111105	24.2
20111106	24
20111107	24
20111108	24
20111109	22.4
20111110	23.8
20111111	23.6
20111112	23.2
20111113	23.2
20111114	22.4
20111115	22.4
20111116	22.4
20111117	22.4
20111118	22.2
20111119	22.8
20111120	22.8
20111121	23.8
20111122	24.4
20111123	24.4
20111124	24.4
20111125	23.6
20111126	23.4
20111127	24.2
20111128	23.8
20111129	24
20111130	23.2
20111201	22
20111202	23.2
20111203	23.2
20111204	23.4
20111205	NA
20111206	23.6
20111207	23.2
20111208	NA
20111209	23
20111210	24.2
20111211	23.8
20111212	23.6
20111213	23.4
20111214	23.2
20111215	23.4
20111216	23
20111217	22.4
20111218	20.4
20111219	24
20111220	23.4
20111221	24.2
20111222	24.4
20111223	24.8
20111224	24.8
20111225	23.8
20111226	24.4
20111227	24.8
20111228	24.4
20111229	24.8
20111230	NA
20111231	21.6
20120101	21.9
20120102	21.2
20120103	24.6
20120104	23.6
20120105	23.4
20120106	23.4
20120107	23.3
20120108	23.1
20120109	23.2
20120110	23.4
20120111	24
20120112	23.8
20120113	23.6
20120114	23.2
20120115	24.4
20120116	23.4
20120117	24.2
20120118	24
20120119	24
20120120	23
20120121	23
20120122	23.1
20120123	22
20120124	23.8
20120125	23.4
20120126	20.8
20120127	23.6
20120128	23.6
20120129	24.2
20120130	24
20120131	23.8
20120201	24
20120202	23.4
20120203	23
20120204	24
20120205	24.4
20120206	24
20120207	24.1
20120208	24
20120209	24.2
20120210	24
20120211	24
20120212	23.2
20120213	23.6
20120214	23.8
20120215	23.4
20120216	23
20120217	23.2
20120218	22.8
20120219	23.7
20120220	23
20120221	23.4
20120222	23.2
20120223	23.4
20120224	24
20120225	24.8
20120226	24.8
20120227	24
20120228	24.2
20120229	24
20120301	23.4
20120302	23.2
20120303	21.7
20120304	22.4
20120305	25
20120306	23
20120307	24.2
20120308	24.2
20120309	24.2
20120310	24
20120311	25
20120312	24
20120313	25.2
20120314	23.4
20120315	25
20120316	24.8
20120317	23
20120318	24
20120319	25
20120320	24
20120321	22.2
20120322	22
20120323	24.8
20120324	24.8
20120325	24.7
20120326	24
20120327	24.4
20120328	24.2
20120329	24.2
20120330	22.8
20120331	24.5
20120401	23.1
20120402	24.4
20120403	25.6
20120404	24.8
20120405	25
20120406	23.4
20120407	23.2
20120408	24.2
20120409	23.6
20120410	23.8
20120411	24.4
20120412	24.4
20120413	24.2
20120414	23.4
20120415	24.2
20120416	24
20120417	22.6
20120418	22.6
20120419	24.2
20120420	24.2
20120421	24.9
20120422	23.4
20120423	23.6
20120424	23.2
20120425	23
20120426	24.4
20120427	24.6
20120428	24.2
20120429	23.5
20120430	24.6
20120501	23
20120502	NA
20120503	23.8
20120504	NA
20120505	24.6
20120506	24.2
20120507	23.2
20120508	23.4
20120509	24.2
20120510	25.4
20120511	23.8
20120512	23.8
20120513	20.6
20120514	24.4
20120515	24.4
20120516	25.2
20120517	25.6
20120518	25.4
20120519	21.8
20120520	24.2
20120521	24.8
20120522	24.6
20120523	24.4
20120524	25
20120525	24
20120526	24.3
20120527	25
20120528	23.6
20120529	23.4
20120530	26
20120531	25.4
20120601	23.2
20120602	23.4
20120603	24
20120604	25.4
20120605	23.4
20120606	24.6
20120607	24.6
20120608	NA
20120609	25.3
20120610	25.4
20120611	23.5
20120612	22.8
20120613	24
20120614	24
20120615	24
20120616	22.8
20120617	22.8
20120618	23
20120619	22.8
20120620	24.4
20120621	NA
20120622	23.4
20120623	25.4
20120624	24
20120625	23.6
20120626	24.2
20120627	23.8
20120628	25.2
20120629	24
20120630	24.4
20120701	23.3
20120702	23.4
20120703	25.6
20120704	22.2
20120705	23
20120706	24.4
20120707	24.6
20120708	22.4
20120709	23.8
20120710	23.4
20120711	25.4
20120712	24
20120713	25.4
20120714	22.2
20120715	22.1
20120716	25.8
20120717	25
20120718	23.2
20120719	24
20120720	22.8
20120721	23.2
20120722	25
20120723	24.2
20120724	23
20120725	24.4
20120726	23.8
20120727	24
20120728	23.9
20120729	22.3
20120730	23
20120731	20.8
20120801	24.4
20120802	23.4
20120803	24.4
20120804	24
20120805	24.4
20120806	23
20120807	23.2
20120808	25.2
20120809	24
20120810	25
20120811	24
20120812	24.5
20120813	23.4
20120814	23.2
20120815	23.8
20120816	24.8
20120817	24.4
20120818	21.8
20120819	21.7
20120820	21.7
20120821	23.2
20120822	23.8
20120823	23.8
20120824	24.4
20120825	23.4
20120826	25
20120827	NA
20120828	24
20120829	25.2
20120830	23.4
20120831	23.4
20120901	23.4
20120902	23.2
20120903	23.2
20120904	24
20120905	23.6
20120906	23.2
20120907	22.6
20120908	NA
20120909	24.1
20120910	25.4
20120911	24.8
20120912	24.6
20120913	22.2
20120914	24.6
20120915	25.5
20120916	21.9
20120917	22.2
20120918	NA
20120919	23.6
20120920	25
20120921	24.8
20120922	23.6
20120923	23.4
20120924	21.8
20120925	23.4
20120926	24.6
20120927	22.4
20120928	23
20120929	21.8
20120930	25
20121001	NA
20121002	NA
20121003	NA
20121004	NA
20121005	NA
20121006	NA
20121007	NA
20121008	NA
20121009	NA
20121010	NA
20121011	NA
20121012	NA
20121013	NA
20121014	NA
20121015	NA
20121016	NA
20121017	NA
20121018	NA
20121019	NA
20121020	NA
20121021	NA
20121022	NA
20121023	NA
20121024	NA
20121025	NA
20121026	NA
20121027	NA
20121028	NA
20121029	NA
20121030	NA
20121031	NA
20121101	NA
20121102	NA
20121103	NA
20121104	NA
20121105	NA
20121106	NA
20121107	NA
20121108	NA
20121109	NA
20121110	NA
20121111	NA
20121112	NA
20121113	NA
20121114	NA
20121115	NA
20121116	NA
20121117	NA
20121118	NA
20121119	NA
20121120	NA
20121121	NA
20121122	NA
20121123	NA
20121124	NA
20121125	NA
20121126	NA
20121127	NA
20121128	NA
20121129	NA
20121130	NA
20121201	NA
20121202	NA
20121203	NA
20121204	NA
20121205	NA
20121206	NA
20121207	NA
20121208	NA
20121209	NA
20121210	NA
20121211	NA
20121212	NA
20121213	NA
20121214	NA
20121215	NA
20121216	NA
20121217	NA
20121218	NA
20121219	NA
20121220	NA
20121221	NA
20121222	NA
20121223	NA
20121224	NA
20121225	NA
20121226	NA
20121227	NA
20121228	NA
20121229	NA
20121230	NA
20121231	NA
20130101	24.6
20130102	24.4
20130103	24.4
20130104	25
20130105	NA
20130106	24
20130107	24
20130108	24.2
20130109	23.8
20130110	23
20130111	24
20130112	NA
20130113	23.8
20130114	23
20130115	23
20130116	23.6
20130117	24.6
20130118	NA
20130119	23.8
20130120	24.8
20130121	24.4
20130122	25
20130123	24.8
20130124	24.6
20130125	24
20130126	23.6
20130127	24.3
20130128	23.4
20130129	23.4
20130130	23.4
20130131	24.4
20130201	24.8
20130202	25
20130203	24
20130204	24.2
20130205	24.4
20130206	24
20130207	24.4
20130208	24
20130209	24.3
20130210	24.3
20130211	23.8
20130212	23.8
20130213	24
20130214	23.8
20130215	24
20130216	23.2
20130217	25
20130218	23.8
20130219	23.8
20130220	24.4
20130221	25
20130222	23.8
20130223	25.3
20130224	25.2
20130225	24.8
20130226	24
20130227	23.2
20130228	25.4
20130301	25
20130302	22.4
20130303	20.4
20130304	24.4
20130305	NA
20130306	NA
20130307	23.4
20130308	NA
20130309	25.2
20130310	24.8
20130311	24.8
20130312	24
20130313	24
20130314	NA
20130315	24.2
20130316	24
20130317	25
20130318	25.2
20130319	25.4
20130320	25
20130321	25
20130322	23.8
20130323	23.6
20130324	25.2
20130325	25
20130326	25
20130327	24.6
20130328	24.6
20130329	24.8
20130330	24.2
20130331	25.6
20130401	25.8
20130402	25.6
20130403	25.2
20130404	25.2
20130405	26.2
20130406	23.8
20130407	25.4
20130408	25.2
20130409	25.2
20130410	25
20130411	25
20130412	NA
20130413	25.2
20130414	NA
20130415	NA
20130416	NA
20130417	25.8
20130418	24.2
20130419	NA
20130420	23.2
20130421	23.4
20130422	24.6
20130423	23.8
20130424	23.6
20130425	25
20130426	NA
20130427	NA
20130428	24
20130429	24.8
20130430	24.8
20130501	25
20130502	NA
20130503	24
20130504	24.4
20130505	24.3
20130506	24.4
20130507	24.2
20130508	25
20130509	25
20130510	24.4
20130511	24.2
20130512	24.1
20130513	25.5
20130514	26
20130515	24.4
20130516	24.2
20130517	24.8
20130518	25.4
20130519	24
20130520	24.6
20130521	24
20130522	24
20130523	23.4
20130524	24.4
20130525	24.7
20130526	24.7
20130527	24
20130528	24.8
20130529	23.8
20130530	24
20130531	25
20130601	24.2
20130602	25
20130603	24.4
20130604	23
20130605	25.4
20130606	24.4
20130607	24.2
20130608	24.4
20130609	24.2
20130610	22.3
20130611	24
20130612	23.6
20130613	23.4
20130614	24.2
20130615	24.1
20130616	25.4
20130617	25.2
20130618	25.6
20130619	25.4
20130620	NA
20130621	NA
20130622	24.7
20130623	24.2
20130624	25.2
20130625	23.8
20130626	24.2
20130627	24.1
20130628	22.2
20130629	21
20130630	24.1
20130701	NA
20130702	NA
20130703	23.8
20130704	23.8
20130705	24
20130706	24
20130707	24
20130708	23
20130709	23.4
20130710	23.2
20130711	23.6
20130712	24
20130713	22.4
20130714	22.9
20130715	25.4
20130716	25.4
20130717	23.2
20130718	23.4
20130719	24
20130720	24.1
20130721	22.5
20130722	22.4
20130723	24.2
20130724	26
20130725	25.6
20130726	23.4
20130727	25.1
20130728	25.2
20130729	NA
20130730	24.2
20130731	23.8
20130801	24.4
20130802	24.2
20130803	24.2
20130804	24
20130805	NA
20130806	25.4
20130807	25.2
20130808	24.8
20130809	23.6
20130810	23.7
20130811	21.7
20130812	21.8
20130813	24
20130814	24.8
20130815	25.6
20130816	NA
20130817	24.5
20130818	24.3
20130819	24.3
20130820	24
20130821	24.2
20130822	23.3
20130823	24.4
20130824	23.8
20130825	23.3
20130826	24.4
20130827	24.6
20130828	23.8
20130829	25
20130830	23
20130831	23.2
20130901	22.8
20130902	23.8
20130903	24.6
20130904	23.4
20130905	23.6
20130906	22.8
20130907	NA
20130908	24.6
20130909	24.6
20130910	24.4
20130911	24.2
20130912	24.4
20130913	23.4
20130914	24.3
20130915	24.4
20130916	22.8
20130917	22.8
20130918	24.4
20130919	24.8
20130920	24.6
20130921	24.3
20130922	22.2
20130923	23.4
20130924	22
20130925	22.8
20130926	23.8
20130927	24
20130928	22.9
20130929	24
20130930	NA
20131001	23.6
20131002	24.6
20131003	23.4
20131004	23.4
20131005	23.6
20131006	24.3
20131007	NA
20131008	23.8
20131009	22.4
20131010	22.6
20131011	NA
20131012	24
20131013	25.4
20131014	24.2
20131015	23.4
20131016	23.6
20131017	23.2
20131018	23
20131019	23.1
20131020	25
20131021	25.2
20131022	NA
20131023	21.4
20131024	24.8
20131025	25
20131026	24
20131027	24
20131028	25
20131029	24.4
20131030	24.6
20131031	23.8
20131101	24.2
20131102	22.2
20131103	22.3
20131104	24
20131105	24.8
20131106	25
20131107	NA
20131108	NA
20131109	25
20131110	25.2
20131111	23
20131112	NA
20131113	23.4
20131114	24
20131115	25.4
20131116	24.3
20131117	25.3
20131118	24
20131119	24.8
20131120	23.6
20131121	23.4
20131122	25
20131123	25
20131124	23.4
20131125	23.2
20131126	23.8
20131127	23.6
20131128	24.6
20131129	24
20131130	25
20131201	24.4
20131202	24.2
20131203	23.8
20131204	23.8
20131205	24.6
20131206	24.4
20131207	25
20131208	24.2
20131209	22
20131210	24
20131211	24.2
20131212	25.4
20131213	23.2
20131214	25
20131215	24
20131216	24
20131217	24.8
20131218	24.6
20131219	24
20131220	23.6
20131221	24
20131222	24
20131223	23
20131224	23.6
20131225	23
20131226	23
20131227	24
20131228	24
20131229	24.6
20131230	25
20131231	25
20140101	25.2
20140102	24.4
20140103	23.4
20140104	24.2
20140105	25.4
20140106	25
20140107	24.8
20140108	24.6
20140109	24.4
20140110	23.8
20140111	NA
20140112	23.4
20140113	23
20140114	23
20140115	24.4
20140116	24.4
20140117	24.4
20140118	24.6
20140119	24.6
20140120	24.8
20140121	25
20140122	25.6
20140123	23.2
20140124	24
20140125	23.8
20140126	24
20140127	NA
20140128	24.4
20140129	24
20140130	24.6
20140131	23.8
20140201	24
20140202	24
20140203	23.8
20140204	24
20140205	25.2
20140206	24
20140207	24
20140208	24.2
20140209	23.8
20140210	24
20140211	25.2
20140212	25.4
20140213	25
20140214	25
20140215	24.8
20140216	25.2
20140217	24.6
20140218	24
20140219	24
20140220	24.6
20140221	24.8
20140222	NA
20140223	NA
20140224	NA
20140225	24.4
20140226	24.8
20140227	24.8
20140228	24.8
20140301	NA
20140302	NA
20140303	NA
20140304	24.2
20140305	24.2
20140306	24
20140307	24.8
20140308	25
20140309	24.2
20140310	23.8
20140311	23.2
20140312	25
20140313	25.2
20140314	25
20140315	24.3
20140316	24.1
20140317	24.2
20140318	24.2
20140319	25.4
20140320	25.6
20140321	25.6
20140322	24.4
20140323	25.6
20140324	24
20140325	25.6
20140326	25.8
20140327	25.2
20140328	24.8
20140329	24.4
20140330	25.2
20140331	25
20140401	24.6
20140402	25.2
20140403	NA
20140404	25.4
20140405	25.1
20140406	25.4
20140407	25.2
20140408	25.4
20140409	26
20140410	25.4
20140411	25.8
20140412	25.8
20140413	24.2
20140414	24.2
20140415	25.6
20140416	22.4
20140417	24
20140418	23.8
20140419	23.6
20140420	23.6
20140421	23.6
20140422	25.4
20140423	25.8
20140424	25.2
20140425	25.8
20140426	24.2
20140427	24.4
20140428	24.8
20140429	25.8
20140430	25.4
20140501	25
20140502	25.6
20140503	24.6
20140504	24.8
20140505	25.2
20140506	25.2
20140507	25
20140508	25.4
20140509	25.2
20140510	24.4
20140511	24.4
20140512	NA
20140513	24.4
20140514	NA
20140515	25.8
20140516	NA
20140517	NA
20140518	NA
20140519	NA
20140520	NA
20140521	24
20140522	24.8
20140523	NA
20140524	25
20140525	24
20140526	25.2
20140527	NA
20140528	NA
20140529	23.8
20140530	25.2
20140531	24.8
20140601	25.2
20140602	24.2
20140603	24.8
20140604	24.6
20140605	NA
20140606	25
20140607	23.2
20140608	NA
20140609	25.2
20140610	25
20140611	26
20140612	26.6
20140613	NA
20140614	23.4
20140615	23.2
20140616	23
20140617	23.6
20140618	25.2
20140619	24
20140620	24.2
20140621	23.8
20140622	24.2
20140623	25.2
20140624	NA
20140625	24.4
20140626	24.4
20140627	NA
20140628	23.8
20140629	24.8
20140630	24.6
