Date	Value
20050101	32.8
20050102	33.4
20050103	33
20050104	32.8
20050105	33.4
20050106	33.6
20050107	33.6
20050108	NA
20050109	31.4
20050110	31.6
20050111	34.8
20050112	34
20050113	32
20050114	29.8
20050115	31.8
20050116	31
20050117	28.8
20050118	31.8
20050119	NA
20050120	32.4
20050121	31
20050122	33
20050123	33.4
20050124	33.3
20050125	31.8
20050126	31.2
20050127	31.7
20050128	32
20050129	33.1
20050130	33
20050131	31.4
20050201	32.8
20050202	33.4
20050203	34.4
20050204	28.2
20050205	30
20050206	28.2
20050207	29.2
20050208	29.9
20050209	31.2
20050210	29.2
20050211	29.4
20050212	29.2
20050213	30.6
20050214	32.6
20050215	33.6
20050216	NA
20050217	31.7
20050218	34.2
20050219	NA
20050220	33
20050221	33.1
20050222	33.5
20050223	33.6
20050224	32.6
20050225	33
20050226	32.2
20050227	32.5
20050228	33.6
20050301	NA
20050302	34
20050303	30.2
20050304	34.8
20050305	32.4
20050306	32.2
20050307	33
20050308	NA
20050309	33.4
20050310	33.2
20050311	34.1
20050312	30
20050313	33.2
20050314	35
20050315	NA
20050316	34.2
20050317	33.6
20050318	34.8
20050319	33.2
20050320	33.4
20050321	35
20050322	34.8
20050323	33.8
20050324	33.4
20050325	34.5
20050326	NA
20050327	35.6
20050328	35
20050329	33.8
20050330	35.4
20050331	34.6
20050401	35.8
20050402	35
20050403	NA
20050404	32.4
20050405	33.4
20050406	33.6
20050407	33
20050408	NA
20050409	32.2
20050410	33.4
20050411	30.2
20050412	34.6
20050413	34
20050414	32
20050415	28.4
20050416	31.4
20050417	32.2
20050418	NA
20050419	32.2
20050420	31.6
20050421	30.8
20050422	32.6
20050423	36
20050424	33.8
20050425	33.8
20050426	33.2
20050427	33.5
20050428	32.6
20050429	32
20050430	33
20050501	NA
20050502	32
20050503	31.2
20050504	32.8
20050505	32
20050506	NA
20050507	32.8
20050508	32.8
20050509	32
20050510	32.2
20050511	NA
20050512	NA
20050513	NA
20050514	NA
20050515	32
20050516	33
20050517	29.2
20050518	32.9
20050519	32.6
20050520	33.4
20050521	33.5
20050522	32.8
20050523	30
20050524	31.4
20050525	31.4
20050526	29.6
20050527	32.2
20050528	31.8
20050529	34.8
20050530	33.8
20050531	33.4
20050601	31
20050602	33.8
20050603	33.8
20050604	32.6
20050605	30.8
20050606	31.6
20050607	32.6
20050608	33
20050609	33.2
20050610	33.2
20050611	32.9
20050612	32.4
20050613	32.9
20050614	32.6
20050615	NA
20050616	32.4
20050617	33
20050618	32.4
20050619	32.6
20050620	30.4
20050621	31.4
20050622	32.8
20050623	31.6
20050624	31.7
20050625	32.8
20050626	32.6
20050627	32.4
20050628	32.4
20050629	32
20050630	32.6
20050701	32.6
20050702	32.9
20050703	33.6
20050704	33.6
20050705	33.6
20050706	32.4
20050707	33.4
20050708	33
20050709	32.2
20050710	32.4
20050711	32.6
20050712	32
20050713	32
20050714	32.8
20050715	30.8
20050716	31.2
20050717	32.8
20050718	33.3
20050719	33.4
20050720	32.6
20050721	33.2
20050722	32.1
20050723	33
20050724	32
20050725	31.6
20050726	NA
20050727	33.4
20050728	33.8
20050729	34.4
20050730	32.5
20050731	32.4
20050801	32.4
20050802	31.2
20050803	33
20050804	32.2
20050805	30
20050806	31.6
20050807	34.2
20050808	32.8
20050809	32
20050810	32.6
20050811	32.5
20050812	32.2
20050813	32.1
20050814	32.2
20050815	32.6
20050816	29.8
20050817	30
20050818	NA
20050819	32
20050820	33.8
20050821	NA
20050822	NA
20050823	33.2
20050824	29.2
20050825	32.1
20050826	31
20050827	33.4
20050828	30.4
20050829	32
20050830	32.6
20050831	33.2
20050901	33
20050902	31.2
20050903	31.4
20050904	NA
20050905	33
20050906	NA
20050907	33.3
20050908	32.8
20050909	31.1
20050910	33.2
20050911	33.4
20050912	33
20050913	31
20050914	NA
20050915	32
20050916	32
20050917	31.8
20050918	32
20050919	33
20050920	30.6
20050921	NA
20050922	32.9
20050923	33.8
20050924	30.8
20050925	31
20050926	32.8
20050927	32.6
20050928	31.2
20050929	32.2
20050930	32.7
20051001	29.2
20051002	31.8
20051003	32.4
20051004	33
20051005	32.6
20051006	33.2
20051007	32.2
20051008	31.8
20051009	28.8
20051010	31.8
20051011	32.8
20051012	30.2
20051013	33.8
20051014	32.6
20051015	32
20051016	NA
20051017	33.4
20051018	32.4
20051019	32.5
20051020	32.8
20051021	33.5
20051022	33.2
20051023	33.5
20051024	29.8
20051025	31.4
20051026	31
20051027	31.4
20051028	32
20051029	32.3
20051030	NA
20051031	NA
20051101	30.6
20051102	32
20051103	32.4
20051104	31.4
20051105	32.2
20051106	31.4
20051107	32
20051108	32.2
20051109	30
20051110	29.7
20051111	31.2
20051112	32.2
20051113	33
20051114	32.1
20051115	33
20051116	32.8
20051117	33.2
20051118	32.8
20051119	33
20051120	32.6
20051121	32.4
20051122	32.8
20051123	30.6
20051124	32.2
20051125	32.2
20051126	30
20051127	31.2
20051128	32.6
20051129	33
20051130	NA
20051201	33.8
20051202	31.6
20051203	32.4
20051204	NA
20051205	32.6
20051206	34
20051207	30.6
20051208	31
20051209	32.3
20051210	31.2
20051211	31.5
20051212	30.6
20051213	32.2
20051214	31.8
20051215	32.4
20051216	33.8
20051217	32.6
20051218	32.4
20051219	32.5
20051220	31.7
20051221	32.5
20051222	32
20051223	32.2
20051224	31.2
20051225	31.5
20051226	33.4
20051227	33.2
20051228	33.2
20051229	33.4
20051230	33.2
20051231	33
20060101	32.8
20060102	32.8
20060103	32.6
20060104	32.4
20060105	32.4
20060106	32.8
20060107	31.2
20060108	31.4
20060109	31
20060110	31.5
20060111	32.6
20060112	32.4
20060113	34
20060114	32.9
20060115	32.4
20060116	32.8
20060117	32.2
20060118	32.6
20060119	33
20060120	32.4
20060121	32.8
20060122	30.6
20060123	31.8
20060124	33.2
20060125	31.6
20060126	33.2
20060127	30.4
20060128	32.8
20060129	30.6
20060130	32.4
20060131	32.3
20060201	29.2
20060202	NA
20060203	30.2
20060204	32.6
20060205	32.4
20060206	31.4
20060207	32.6
20060208	30.6
20060209	32.5
20060210	32.6
20060211	33.2
20060212	30.8
20060213	30.8
20060214	32
20060215	33.4
20060216	34.2
20060217	35
20060218	34.2
20060219	34
20060220	34.2
20060221	34
20060222	35.4
20060223	35.2
20060224	35.8
20060225	35.8
20060226	33.4
20060227	28.6
20060228	33
20060301	34.7
20060302	34
20060303	33.8
20060304	33.6
20060305	37.2
20060306	32.4
20060307	28
20060308	31.6
20060309	33.2
20060310	34.2
20060311	34.4
20060312	33.8
20060313	34.8
20060314	34.8
20060315	34.8
20060316	35
20060317	36
20060318	32
20060319	31
20060320	34
20060321	34.2
20060322	29.6
20060323	32.3
20060324	32.6
20060325	31.2
20060326	31.4
20060327	31.6
20060328	31.6
20060329	32.2
20060330	31.8
20060331	32.8
20060401	33
20060402	31.8
20060403	NA
20060404	30.8
20060405	30.6
20060406	33
20060407	31.5
20060408	30.6
20060409	28.8
20060410	NA
20060411	33.2
20060412	30.2
20060413	NA
20060414	31.8
20060415	31.6
20060416	31.8
20060417	32.6
20060418	31.8
20060419	33.4
20060420	34
20060421	34.2
20060422	34.2
20060423	29.4
20060424	30
20060425	30.6
20060426	33
20060427	32.2
20060428	32.2
20060429	32.4
20060430	29
20060501	33
20060502	28
20060503	31.2
20060504	33.2
20060505	32
20060506	30.4
20060507	32.8
20060508	32
20060509	28.4
20060510	30
20060511	32
20060512	32.4
20060513	31.6
20060514	31.4
20060515	33
20060516	30.6
20060517	32.2
20060518	32.4
20060519	31
20060520	32.4
20060521	31.4
20060522	34
20060523	32
20060524	31.6
20060525	32.2
20060526	34
20060527	32.4
20060528	33.2
20060529	32
20060530	32.5
20060531	31.8
20060601	29.8
20060602	31.8
20060603	30.2
20060604	30.1
20060605	31.8
20060606	31.4
20060607	32.8
20060608	29.4
20060609	30.4
20060610	30.6
20060611	30.8
20060612	32.4
20060613	33
20060614	33
20060615	32.8
20060616	31.4
20060617	32.4
20060618	31.4
20060619	30.4
20060620	33.1
20060621	30.5
20060622	32.4
20060623	28.2
20060624	30.2
20060625	32.4
20060626	31.5
20060627	32.3
20060628	32.8
20060629	32.4
20060630	34
20060701	34.8
20060702	34.2
20060703	32.7
20060704	34.2
20060705	NA
20060706	33
20060707	32.4
20060708	32
20060709	31.6
20060710	32.2
20060711	32.4
20060712	32.8
20060713	32.4
20060714	30.4
20060715	32
20060716	30.2
20060717	31.8
20060718	32.2
20060719	30.4
20060720	30.4
20060721	32.7
20060722	31.8
20060723	31.6
20060724	32.8
20060725	32.7
20060726	31.2
20060727	30.6
20060728	30.4
20060729	32
20060730	31
20060731	32.2
20060801	33.4
20060802	32.4
20060803	32
20060804	33.2
20060805	32
20060806	33.4
20060807	29.4
20060808	32.5
20060809	31.8
20060810	32.4
20060811	30.1
20060812	32.2
20060813	33.5
20060814	33.8
20060815	32.3
20060816	29.4
20060817	29.4
20060818	28
20060819	32.2
20060820	34.2
20060821	34.7
20060822	32.8
20060823	33
20060824	34.5
20060825	31.6
20060826	32.7
20060827	31.3
20060828	32.2
20060829	33.6
20060830	31
20060831	32.4
20060901	31.6
20060902	32.6
20060903	31.8
20060904	31
20060905	30.4
20060906	31.8
20060907	32.1
20060908	32.4
20060909	32
20060910	32.4
20060911	31.8
20060912	34
20060913	32
20060914	31
20060915	32.8
20060916	31.6
20060917	32
20060918	31
20060919	30.6
20060920	31.6
20060921	33
20060922	29
20060923	33
20060924	31
20060925	32
20060926	34.2
20060927	33.4
20060928	33.8
20060929	33.6
20060930	29.8
20061001	34.3
20061002	33.4
20061003	28.2
20061004	32.6
20061005	32.2
20061006	31.8
20061007	33
20061008	32.4
20061009	32.8
20061010	NA
20061011	29.8
20061012	32.6
20061013	32.8
20061014	32
20061015	31.4
20061016	32
20061017	32.2
20061018	33.6
20061019	33.2
20061020	33.4
20061021	33.4
20061022	32.8
20061023	30.8
20061024	32.8
20061025	33
20061026	33.6
20061027	33.4
20061028	33.8
20061029	32
20061030	32.4
20061031	31.2
20061101	33.4
20061102	33.6
20061103	33.6
20061104	34.4
20061105	31.2
20061106	34
20061107	33.4
20061108	34
20061109	33.2
20061110	34
20061111	33.6
20061112	31.6
20061113	33.2
20061114	34.6
20061115	32.7
20061116	32.4
20061117	33.5
20061118	31.6
20061119	32.4
20061120	33
20061121	31.2
20061122	32
20061123	32
20061124	33.2
20061125	31.6
20061126	31.2
20061127	31.8
20061128	31.4
20061129	32.7
20061130	33.2
20061201	33.5
20061202	32.4
20061203	33.4
20061204	32
20061205	32.7
20061206	33.6
20061207	33.4
20061208	33.6
20061209	NA
20061210	32.2
20061211	32.8
20061212	33.2
20061213	31.2
20061214	34
20061215	33.6
20061216	33.2
20061217	34
20061218	33.4
20061219	34
20061220	34.2
20061221	32.4
20061222	34.1
20061223	33
20061224	31.3
20061225	33.4
20061226	31.8
20061227	32.4
20061228	33
20061229	32.6
20061230	33.8
20061231	33.6
20070101	34.2
20070102	33.8
20070103	34.4
20070104	34
20070105	34.8
20070106	35
20070107	34.4
20070108	33.2
20070109	32
20070110	32.4
20070111	33.8
20070112	33.2
20070113	34.6
20070114	35
20070115	34.4
20070116	35.1
20070117	35.2
20070118	34.2
20070119	35
20070120	32.8
20070121	31.8
20070122	32.4
20070123	33.6
20070124	33.4
20070125	33
20070126	32.2
20070127	34
20070128	32
20070129	35
20070130	31.8
20070131	34.6
20070201	34.8
20070202	34
20070203	35.2
20070204	35.8
20070205	35.6
20070206	34.8
20070207	33.6
20070208	35.4
20070209	32.6
20070210	33.6
20070211	33.8
20070212	35.4
20070213	34.4
20070214	35
20070215	34.3
20070216	33.4
20070217	31.6
20070218	34
20070219	30.2
20070220	35.2
20070221	35.6
20070222	35.4
20070223	35.5
20070224	34
20070225	35.4
20070226	35.8
20070227	36.2
20070228	36.2
20070301	NA
20070302	33.2
20070303	34.2
20070304	35
20070305	34.6
20070306	34.4
20070307	34.2
20070308	30.8
20070309	30
20070310	33
20070311	32.4
20070312	34.4
20070313	NA
20070314	34.2
20070315	34.8
20070316	32
20070317	31.2
20070318	34.8
20070319	32.6
20070320	34
20070321	33.8
20070322	32
20070323	34.8
20070324	33.6
20070325	33
20070326	33.1
20070327	34.6
20070328	30.6
20070329	32.8
20070330	33
20070331	32.2
20070401	32.4
20070402	32.4
20070403	33
20070404	34
20070405	33.4
20070406	34
20070407	32.8
20070408	31
20070409	31.8
20070410	34.4
20070411	33.2
20070412	33
20070413	33.2
20070414	33.8
20070415	33.2
20070416	32.8
20070417	32.2
20070418	28.2
20070419	32.5
20070420	30
20070421	33
20070422	32
20070423	32.8
20070424	32.5
20070425	32.1
20070426	32.8
20070427	32.4
20070428	34
20070429	32.7
20070430	33.8
20070501	33.2
20070502	33.4
20070503	32
20070504	31.2
20070505	33.2
20070506	31.8
20070507	32.4
20070508	31.6
20070509	33.2
20070510	30.2
20070511	32.2
20070512	31.2
20070513	30.8
20070514	32.8
20070515	33
20070516	NA
20070517	32.2
20070518	33.4
20070519	32.5
20070520	32
20070521	31
20070522	31.3
20070523	32
20070524	32.6
20070525	32.2
20070526	31.4
20070527	32.4
20070528	32.2
20070529	31.2
20070530	33.2
20070531	31
20070601	31.2
20070602	30
20070603	31
20070604	31.6
20070605	32.4
20070606	32.8
20070607	33
20070608	32.8
20070609	31
20070610	32
20070611	30
20070612	32.4
20070613	33.3
20070614	NA
20070615	32.3
20070616	33.2
20070617	33.2
20070618	32.4
20070619	32.2
20070620	32.2
20070621	33.6
20070622	32.6
20070623	33.2
20070624	31.1
20070625	32.8
20070626	33.2
20070627	32.9
20070628	NA
20070629	30.6
20070630	30.3
20070701	33
20070702	33.6
20070703	34.6
20070704	NA
20070705	33.5
20070706	34.2
20070707	NA
20070708	31.6
20070709	31.8
20070710	32.2
20070711	34
20070712	32.4
20070713	32
20070714	32.4
20070715	32.4
20070716	NA
20070717	32
20070718	32.4
20070719	33.4
20070720	32.2
20070721	30
20070722	30.2
20070723	30.8
20070724	32.4
20070725	33.4
20070726	33
20070727	32.6
20070728	31.5
20070729	33.6
20070730	32.8
20070731	32.4
20070801	31.8
20070802	32.4
20070803	33.8
20070804	30.8
20070805	30.4
20070806	32
20070807	32.3
20070808	30.4
20070809	30.6
20070810	30.8
20070811	31
20070812	31.2
20070813	31.6
20070814	31.6
20070815	29.8
20070816	32.8
20070817	27.2
20070818	32.4
20070819	32.2
20070820	NA
20070821	31.1
20070822	31.8
20070823	32.6
20070824	30
20070825	30.4
20070826	30
20070827	31.8
20070828	NA
20070829	31.4
20070830	29.4
20070831	31.8
20070901	32.4
20070902	32.4
20070903	33
20070904	32.8
20070905	32.2
20070906	32.3
20070907	33
20070908	33.8
20070909	28.8
20070910	32.5
20070911	33
20070912	32
20070913	33.2
20070914	32
20070915	29.8
20070916	32.8
20070917	31.4
20070918	32.4
20070919	32.9
20070920	33.2
20070921	32
20070922	33
20070923	33.5
20070924	33.4
20070925	28
20070926	31.8
20070927	32.2
20070928	33
20070929	33.9
20070930	34.4
20071001	31.6
20071002	32.8
20071003	31.5
20071004	32.4
20071005	32.8
20071006	33.4
20071007	32.5
20071008	32.8
20071009	32.4
20071010	32
20071011	32
20071012	32.2
20071013	32.1
20071014	32
20071015	31.6
20071016	32
20071017	31.8
20071018	30.8
20071019	30.2
20071020	30.2
20071021	34
20071022	32
20071023	32
20071024	33
20071025	32
20071026	32.6
20071027	32.2
20071028	31.2
20071029	32.2
20071030	32
20071031	32.4
20071101	30.6
20071102	33.2
20071103	32.2
20071104	32.4
20071105	33.4
20071106	34.4
20071107	32.4
20071108	32.4
20071109	32.8
20071110	31.8
20071111	32.6
20071112	31.4
20071113	32.4
20071114	31.8
20071115	30.6
20071116	33.4
20071117	32
20071118	33.2
20071119	33.2
20071120	33.3
20071121	32.4
20071122	33.2
20071123	32.2
20071124	31.8
20071125	31.6
20071126	32.8
20071127	31.6
20071128	32.8
20071129	32
20071130	31
20071201	31.4
20071202	33.2
20071203	34
20071204	31.6
20071205	32
20071206	33.4
20071207	33
20071208	34.6
20071209	33
20071210	33.2
20071211	33.4
20071212	30.6
20071213	31.9
20071214	31
20071215	31.2
20071216	32
20071217	31.3
20071218	32
20071219	31.8
20071220	32.8
20071221	32.4
20071222	32.8
20071223	31.4
20071224	30.6
20071225	31.4
20071226	31.2
20071227	32.5
20071228	32.4
20071229	33.3
20071230	32.6
20071231	32.8
20080101	NA
20080102	NA
20080103	NA
20080104	NA
20080105	NA
20080106	NA
20080107	NA
20080108	NA
20080109	NA
20080110	NA
20080111	NA
20080112	NA
20080113	NA
20080114	NA
20080115	NA
20080116	NA
20080117	NA
20080118	NA
20080119	NA
20080120	NA
20080121	NA
20080122	NA
20080123	NA
20080124	NA
20080125	NA
20080126	NA
20080127	NA
20080128	NA
20080129	NA
20080130	NA
20080131	NA
20080201	33.2
20080202	33.2
20080203	33
20080204	33.6
20080205	32.8
20080206	35
20080207	31.8
20080208	34.2
20080209	34.2
20080210	34.2
20080211	34
20080212	34
20080213	33.8
20080214	33.4
20080215	33.6
20080216	30.2
20080217	32.4
20080218	32.2
20080219	33.2
20080220	32
20080221	31.2
20080222	33.2
20080223	33.2
20080224	34
20080225	32.2
20080226	31.6
20080227	32.8
20080228	32
20080229	33.6
20080301	33.1
20080302	33.4
20080303	33.8
20080304	32.2
20080305	32.2
20080306	30.6
20080307	33
20080308	33.2
20080309	35
20080310	30.8
20080311	34.4
20080312	32
20080313	32.5
20080314	32.6
20080315	33.5
20080316	34.2
20080317	35
20080318	33
20080319	33.7
20080320	32.8
20080321	34
20080322	31.8
20080323	32
20080324	33.2
20080325	32.1
20080326	33
20080327	31.8
20080328	32
20080329	32.2
20080330	31.2
20080331	30
20080401	32.2
20080402	33.6
20080403	35
20080404	35.3
20080405	36
20080406	34.1
20080407	34
20080408	31.6
20080409	32.4
20080410	32.2
20080411	32.6
20080412	34
20080413	33.6
20080414	30
20080415	30.8
20080416	32.2
20080417	34.5
20080418	34.8
20080419	NA
20080420	31
20080421	32.5
20080422	33.6
20080423	28.4
20080424	32
20080425	30
20080426	31.8
20080427	30.2
20080428	32
20080429	32.8
20080430	31.6
20080501	32
20080502	32.5
20080503	31.8
20080504	31.2
20080505	30.7
20080506	32.4
20080507	33
20080508	32
20080509	30
20080510	33.2
20080511	33.2
20080512	33.6
20080513	30
20080514	32.7
20080515	32.8
20080516	33
20080517	30.2
20080518	31.4
20080519	31.8
20080520	31.2
20080521	32.6
20080522	30.6
20080523	30.2
20080524	32.4
20080525	31.4
20080526	32
20080527	31.2
20080528	31.2
20080529	32.4
20080530	32.2
20080531	NA
20080601	32.2
20080602	32
20080603	31.8
20080604	32.2
20080605	32.1
20080606	32.1
20080607	31.9
20080608	31.6
20080609	33.4
20080610	33.4
20080611	33.3
20080612	33.5
20080613	32.1
20080614	32.6
20080615	31.8
20080616	29.8
20080617	33.2
20080618	33.3
20080619	32
20080620	31.8
20080621	32.2
20080622	30.1
20080623	31
20080624	31.6
20080625	27.6
20080626	33
20080627	32.8
20080628	31
20080629	31.8
20080630	30.8
20080701	32.2
20080702	32.2
20080703	32.4
20080704	29.4
20080705	30.4
20080706	28
20080707	30.6
20080708	30
20080709	30.4
20080710	31.6
20080711	30.2
20080712	31.5
20080713	31.5
20080714	31.4
20080715	30
20080716	31.6
20080717	31
20080718	31.8
20080719	32.4
20080720	32.8
20080721	33.3
20080722	31.6
20080723	32.4
20080724	33.4
20080725	33.2
20080726	31.6
20080727	31.8
20080728	32.1
20080729	31.6
20080730	32.8
20080731	31.2
20080801	31.4
20080802	29.8
20080803	32
20080804	32.7
20080805	32
20080806	35.5
20080807	32.4
20080808	33.2
20080809	31.7
20080810	32
20080811	28.4
20080812	31.8
20080813	34.8
20080814	30.2
20080815	32.8
20080816	30.6
20080817	32
20080818	31.2
20080819	31.4
20080820	32.4
20080821	31.4
20080822	32.6
20080823	31.8
20080824	32.6
20080825	32.2
20080826	32
20080827	33.4
20080828	32
20080829	31.4
20080830	29.8
20080831	32.6
20080901	30.1
20080902	32.8
20080903	33.4
20080904	31.2
20080905	34
20080906	33.4
20080907	33.4
20080908	33.6
20080909	32.4
20080910	32.8
20080911	33.1
20080912	33.8
20080913	33.4
20080914	33.4
20080915	32.6
20080916	31.6
20080917	29.2
20080918	31.7
20080919	32.3
20080920	31.7
20080921	32.2
20080922	33
20080923	31.5
20080924	32
20080925	32.2
20080926	31.4
20080927	32
20080928	31.7
20080929	33.2
20080930	32.3
20081001	31.6
20081002	31.6
20081003	31
20081004	32.1
20081005	32.4
20081006	32.2
20081007	NA
20081008	32
20081009	30
20081010	27.4
20081011	NA
20081012	32.1
20081013	32.6
20081014	32
20081015	33.4
20081016	33.2
20081017	32.2
20081018	34.2
20081019	34
20081020	32.6
20081021	32.8
20081022	32
20081023	NA
20081024	33.1
20081025	32.4
20081026	33
20081027	30
20081028	31
20081029	31.2
20081030	33
20081031	33
20081101	29.5
20081102	31.2
20081103	32.6
20081104	NA
20081105	31.4
20081106	31.6
20081107	32.3
20081108	31.6
20081109	33.2
20081110	33
20081111	34.2
20081112	33.4
20081113	32.8
20081114	33.6
20081115	33.8
20081116	33.6
20081117	34
20081118	34.2
20081119	28.8
20081120	NA
20081121	33.6
20081122	31.8
20081123	33
20081124	30
20081125	29.8
20081126	27.2
20081127	30
20081128	29.9
20081129	31
20081130	30.8
20081201	31.6
20081202	31.6
20081203	33
20081204	31.8
20081205	32
20081206	NA
20081207	32.4
20081208	32
20081209	31.8
20081210	32.4
20081211	29.4
20081212	31.6
20081213	32.8
20081214	32.2
20081215	33.3
20081216	32.8
20081217	32.6
20081218	33.2
20081219	33.6
20081220	32.2
20081221	31.4
20081222	32.4
20081223	33.3
20081224	33
20081225	34
20081226	34.2
20081227	32.4
20081228	33.2
20081229	33.4
20081230	33.4
20081231	32.6
20090101	34.1
20090102	33.6
20090103	33.7
20090104	34
20090105	34.4
20090106	33.8
20090107	34.7
20090108	34.2
20090109	34.5
20090110	33.8
20090111	30.2
20090112	32.4
20090113	31.3
20090114	32
20090115	33.6
20090116	33.4
20090117	29
20090118	30
20090119	32.6
20090120	33.4
20090121	30.8
20090122	30.6
20090123	31
20090124	32.5
20090125	33.1
20090126	32.7
20090127	33.4
20090128	33
20090129	32.8
20090130	29.6
20090131	30.4
20090201	32.8
20090202	33.4
20090203	31.8
20090204	34
20090205	34
20090206	34
20090207	33
20090208	32.6
20090209	30.4
20090210	31.8
20090211	31.9
20090212	32
20090213	31.3
20090214	33.2
20090215	33.2
20090216	33
20090217	32.6
20090218	32.4
20090219	33.1
20090220	31.3
20090221	32.4
20090222	33.4
20090223	34
20090224	31.4
20090225	32
20090226	33.6
20090227	33.2
20090228	30.6
20090301	30.7
20090302	31.8
20090303	28
20090304	32.4
20090305	33.4
20090306	34.6
20090307	NA
20090308	NA
20090309	NA
20090310	NA
20090311	29.4
20090312	32
20090313	32.2
20090314	33.7
20090315	34.2
20090316	33.9
20090317	29
20090318	31.2
20090319	30.8
20090320	29.6
20090321	29
20090322	31.2
20090323	30.8
20090324	32.4
20090325	33.2
20090326	32.8
20090327	34
20090328	33.2
20090329	33
20090330	33
20090331	32.6
20090401	NA
20090402	33.4
20090403	NA
20090404	NA
20090405	34.4
20090406	33.2
20090407	31.8
20090408	NA
20090409	31.8
20090410	34.7
20090411	NA
20090412	NA
20090413	34.6
20090414	33.9
20090415	NA
20090416	34.9
20090417	32.2
20090418	32.6
20090419	NA
20090420	32.8
20090421	27.8
20090422	33.8
20090423	32.6
20090424	33
20090425	31.8
20090426	32.2
20090427	32.7
20090428	32.2
20090429	32.8
20090430	31.8
20090501	32
20090502	NA
20090503	32.6
20090504	32.4
20090505	31
20090506	33.2
20090507	32.8
20090508	30
20090509	30.6
20090510	32.4
20090511	32.6
20090512	33.2
20090513	31.7
20090514	32
20090515	31.6
20090516	32.4
20090517	33.4
20090518	33.2
20090519	31.9
20090520	30.2
20090521	29.4
20090522	31.4
20090523	28.6
20090524	32.6
20090525	33
20090526	33.2
20090527	33.1
20090528	NA
20090529	32.6
20090530	33
20090531	32.4
20090601	32.4
20090602	33.1
20090603	33.1
20090604	33.2
20090605	32.4
20090606	32.3
20090607	34.2
20090608	32.6
20090609	30.6
20090610	31
20090611	31
20090612	32.4
20090613	29
20090614	30.2
20090615	33
20090616	33.3
20090617	30.4
20090618	32
20090619	31.2
20090620	30.6
20090621	31.2
20090622	31.9
20090623	32.4
20090624	30
20090625	31.4
20090626	32.6
20090627	32.4
20090628	28.6
20090629	31.8
20090630	32.6
20090701	33
20090702	31.8
20090703	34.1
20090704	32
20090705	32
20090706	NA
20090707	33.2
20090708	NA
20090709	31.4
20090710	30
20090711	32.9
20090712	32.2
20090713	32.8
20090714	32.1
20090715	32.2
20090716	33.6
20090717	33
20090718	32.4
20090719	33.6
20090720	29.4
20090721	32.8
20090722	31.8
20090723	33
20090724	29.4
20090725	NA
20090726	33.8
20090727	33
20090728	34
20090729	32
20090730	33.4
20090731	31.3
20090801	33
20090802	33.2
20090803	33.8
20090804	32.8
20090805	30.2
20090806	30.4
20090807	29
20090808	32.2
20090809	31.4
20090810	33
20090811	33.8
20090812	32
20090813	33
20090814	31
20090815	32.2
20090816	31.2
20090817	32
20090818	32.2
20090819	32
20090820	31.4
20090821	31.6
20090822	31.8
20090823	33.6
20090824	33.4
20090825	31.2
20090826	31.4
20090827	33
20090828	32
20090829	30
20090830	30
20090831	32.8
20090901	30.2
20090902	32.9
20090903	32
20090904	33.4
20090905	33.6
20090906	35
20090907	33
20090908	33.4
20090909	32
20090910	34
20090911	34.8
20090912	31
20090913	32.6
20090914	34
20090915	32
20090916	31.6
20090917	30.2
20090918	31.4
20090919	33.8
20090920	33.4
20090921	33.2
20090922	30.3
20090923	33.4
20090924	33.6
20090925	34
20090926	34.1
20090927	32.8
20090928	32.6
20090929	32
20090930	34.6
20091001	30.6
20091002	33.4
20091003	30.4
20091004	30.2
20091005	33.6
20091006	33.9
20091007	32.9
20091008	33
20091009	34
20091010	34
20091011	30.4
20091012	29
20091013	32.8
20091014	32.6
20091015	29.4
20091016	31.8
20091017	33.6
20091018	33
20091019	33.2
20091020	32.2
20091021	34.4
20091022	34.3
20091023	32.6
20091024	32.5
20091025	32.6
20091026	33.5
20091027	34.4
20091028	32.6
20091029	32.4
20091030	31.6
20091031	32.4
20091101	33
20091102	32.6
20091103	32.8
20091104	34.4
20091105	34.4
20091106	31.8
20091107	33
20091108	NA
20091109	33.4
20091110	34.4
20091111	34.4
20091112	34.2
20091113	35.2
20091114	33.8
20091115	32.4
20091116	31.2
20091117	33.2
20091118	30.3
20091119	33.4
20091120	31.6
20091121	34.4
20091122	30.6
20091123	33.9
20091124	33.8
20091125	34.6
20091126	33.5
20091127	34
20091128	33.4
20091129	33.8
20091130	33.4
20091201	33.2
20091202	34.4
20091203	34.8
20091204	35
20091205	34.2
20091206	34.2
20091207	34.2
20091208	33
20091209	31.5
20091210	34.8
20091211	35.6
20091212	33.2
20091213	32.8
20091214	35.2
20091215	34.8
20091216	31.5
20091217	32.4
20091218	33.3
20091219	32.8
20091220	33.3
20091221	30.5
20091222	30.4
20091223	33
20091224	35
20091225	34.9
20091226	35
20091227	35
20091228	33.8
20091229	34
20091230	32.8
20091231	34
20100101	34
20100102	33.6
20100103	34
20100104	33.4
20100105	33.6
20100106	32.9
20100107	33.4
20100108	33.6
20100109	33
20100110	32
20100111	32.8
20100112	33.2
20100113	33.6
20100114	34.5
20100115	34
20100116	36
20100117	33.6
20100118	32.3
20100119	34.2
20100120	33.4
20100121	31.8
20100122	31.8
20100123	33.5
20100124	33.8
20100125	34
20100126	32.3
20100127	33.1
20100128	34.9
20100129	35.2
20100130	34.4
20100131	33.1
20100201	34.3
20100202	35.8
20100203	33.8
20100204	33.4
20100205	31.6
20100206	33.6
20100207	35.2
20100208	32.6
20100209	35.6
20100210	31.2
20100211	33.8
20100212	34.8
20100213	32
20100214	33.4
20100215	33
20100216	34.8
20100217	29
20100218	33
20100219	34.8
20100220	32.2
20100221	33.7
20100222	35
20100223	34.2
20100224	35.5
20100225	35.8
20100226	35.4
20100227	35.2
20100228	35.3
20100301	35.3
20100302	35.2
20100303	34
20100304	35
20100305	31.6
20100306	30.2
20100307	31.2
20100308	30.2
20100309	31.2
20100310	32.9
20100311	32.8
20100312	34.2
20100313	35
20100314	34
20100315	34
20100316	34
20100317	28.8
20100318	31
20100319	32.4
20100320	34
20100321	35
20100322	32.6
20100323	33.4
20100324	33.8
20100325	31.2
20100326	33.5
20100327	31.8
20100328	34.4
20100329	30.2
20100330	28.4
20100331	31.8
20100401	33.2
20100402	33
20100403	32.5
20100404	32.4
20100405	32
20100406	30.4
20100407	33.8
20100408	33
20100409	33.9
20100410	31
20100411	32.8
20100412	31.4
20100413	32.6
20100414	32.3
20100415	33.6
20100416	31.6
20100417	33.8
20100418	35
20100419	31.4
20100420	31.8
20100421	33.1
20100422	34
20100423	33.5
20100424	33.8
20100425	33.6
20100426	33.4
20100427	32.5
20100428	32.2
20100429	33
20100430	33.8
20100501	33.8
20100502	31.8
20100503	32.8
20100504	32.6
20100505	33.2
20100506	35.4
20100507	34
20100508	33.6
20100509	31.4
20100510	33.2
20100511	32
20100512	32.4
20100513	32.6
20100514	32.4
20100515	NA
20100516	NA
20100517	NA
20100518	NA
20100519	NA
20100520	NA
20100521	NA
20100522	NA
20100523	NA
20100524	NA
20100525	NA
20100526	NA
20100527	NA
20100528	NA
20100529	NA
20100530	NA
20100531	NA
20100601	NA
20100602	NA
20100603	NA
20100604	NA
20100605	NA
20100606	NA
20100607	NA
20100608	NA
20100609	NA
20100610	NA
20100611	NA
20100612	NA
20100613	NA
20100614	NA
20100615	NA
20100616	NA
20100617	NA
20100618	NA
20100619	NA
20100620	NA
20100621	NA
20100622	NA
20100623	NA
20100624	NA
20100625	NA
20100626	NA
20100627	NA
20100628	NA
20100629	NA
20100630	NA
20100701	NA
20100702	NA
20100703	NA
20100704	NA
20100705	NA
20100706	NA
20100707	NA
20100708	NA
20100709	NA
20100710	NA
20100711	NA
20100712	NA
20100713	NA
20100714	NA
20100715	NA
20100716	NA
20100717	NA
20100718	NA
20100719	NA
20100720	NA
20100721	NA
20100722	NA
20100723	NA
20100724	NA
20100725	NA
20100726	NA
20100727	NA
20100728	NA
20100729	NA
20100730	NA
20100731	NA
20100801	NA
20100802	NA
20100803	NA
20100804	NA
20100805	NA
20100806	NA
20100807	NA
20100808	NA
20100809	NA
20100810	NA
20100811	NA
20100812	NA
20100813	NA
20100814	NA
20100815	NA
20100816	NA
20100817	NA
20100818	NA
20100819	NA
20100820	NA
20100821	NA
20100822	NA
20100823	NA
20100824	NA
20100825	NA
20100826	NA
20100827	NA
20100828	NA
20100829	NA
20100830	NA
20100831	NA
20100901	NA
20100902	NA
20100903	NA
20100904	NA
20100905	NA
20100906	NA
20100907	NA
20100908	NA
20100909	NA
20100910	NA
20100911	NA
20100912	NA
20100913	NA
20100914	NA
20100915	NA
20100916	NA
20100917	NA
20100918	NA
20100919	NA
20100920	NA
20100921	NA
20100922	NA
20100923	NA
20100924	NA
20100925	NA
20100926	NA
20100927	NA
20100928	NA
20100929	NA
20100930	NA
20101001	NA
20101002	NA
20101003	NA
20101004	NA
20101005	NA
20101006	NA
20101007	NA
20101008	NA
20101009	NA
20101010	NA
20101011	NA
20101012	NA
20101013	NA
20101014	NA
20101015	NA
20101016	NA
20101017	NA
20101018	NA
20101019	NA
20101020	NA
20101021	NA
20101022	NA
20101023	NA
20101024	NA
20101025	NA
20101026	NA
20101027	NA
20101028	NA
20101029	NA
20101030	NA
20101031	NA
20101101	NA
20101102	NA
20101103	NA
20101104	NA
20101105	NA
20101106	NA
20101107	NA
20101108	NA
20101109	NA
20101110	NA
20101111	NA
20101112	NA
20101113	NA
20101114	NA
20101115	NA
20101116	NA
20101117	NA
20101118	NA
20101119	NA
20101120	NA
20101121	NA
20101122	NA
20101123	NA
20101124	NA
20101125	NA
20101126	NA
20101127	NA
20101128	NA
20101129	NA
20101130	NA
20101201	NA
20101202	NA
20101203	NA
20101204	NA
20101205	NA
20101206	NA
20101207	NA
20101208	NA
20101209	NA
20101210	NA
20101211	NA
20101212	NA
20101213	NA
20101214	NA
20101215	NA
20101216	NA
20101217	NA
20101218	NA
20101219	NA
20101220	NA
20101221	NA
20101222	NA
20101223	NA
20101224	NA
20101225	NA
20101226	NA
20101227	NA
20101228	NA
20101229	NA
20101230	NA
20101231	NA
20110101	NA
20110102	NA
20110103	NA
20110104	NA
20110105	NA
20110106	NA
20110107	NA
20110108	NA
20110109	NA
20110110	NA
20110111	NA
20110112	NA
20110113	NA
20110114	NA
20110115	NA
20110116	NA
20110117	NA
20110118	NA
20110119	NA
20110120	NA
20110121	NA
20110122	NA
20110123	NA
20110124	NA
20110125	NA
20110126	NA
20110127	NA
20110128	NA
20110129	NA
20110130	NA
20110131	NA
20110201	NA
20110202	NA
20110203	NA
20110204	NA
20110205	NA
20110206	NA
20110207	NA
20110208	NA
20110209	NA
20110210	NA
20110211	NA
20110212	NA
20110213	NA
20110214	NA
20110215	NA
20110216	NA
20110217	NA
20110218	NA
20110219	NA
20110220	NA
20110221	NA
20110222	NA
20110223	NA
20110224	NA
20110225	NA
20110226	NA
20110227	NA
20110228	NA
20110301	NA
20110302	NA
20110303	NA
20110304	NA
20110305	NA
20110306	NA
20110307	NA
20110308	NA
20110309	NA
20110310	NA
20110311	NA
20110312	NA
20110313	NA
20110314	NA
20110315	NA
20110316	NA
20110317	NA
20110318	NA
20110319	NA
20110320	NA
20110321	NA
20110322	NA
20110323	NA
20110324	NA
20110325	NA
20110326	NA
20110327	NA
20110328	NA
20110329	NA
20110330	NA
20110331	NA
20110401	NA
20110402	NA
20110403	NA
20110404	NA
20110405	NA
20110406	NA
20110407	NA
20110408	NA
20110409	NA
20110410	NA
20110411	NA
20110412	NA
20110413	NA
20110414	NA
20110415	NA
20110416	NA
20110417	NA
20110418	NA
20110419	NA
20110420	NA
20110421	NA
20110422	NA
20110423	NA
20110424	NA
20110425	NA
20110426	NA
20110427	NA
20110428	NA
20110429	NA
20110430	NA
20110501	NA
20110502	NA
20110503	NA
20110504	NA
20110505	NA
20110506	NA
20110507	NA
20110508	NA
20110509	NA
20110510	NA
20110511	NA
20110512	NA
20110513	NA
20110514	NA
20110515	NA
20110516	NA
20110517	NA
20110518	NA
20110519	NA
20110520	NA
20110521	NA
20110522	NA
20110523	NA
20110524	NA
20110525	NA
20110526	NA
20110527	NA
20110528	NA
20110529	NA
20110530	NA
20110531	NA
20110601	NA
20110602	NA
20110603	NA
20110604	NA
20110605	NA
20110606	NA
20110607	NA
20110608	NA
20110609	NA
20110610	NA
20110611	NA
20110612	NA
20110613	NA
20110614	NA
20110615	NA
20110616	NA
20110617	NA
20110618	NA
20110619	NA
20110620	NA
20110621	NA
20110622	NA
20110623	NA
20110624	NA
20110625	NA
20110626	NA
20110627	NA
20110628	NA
20110629	NA
20110630	NA
20110701	NA
20110702	NA
20110703	NA
20110704	NA
20110705	NA
20110706	NA
20110707	NA
20110708	NA
20110709	NA
20110710	NA
20110711	NA
20110712	NA
20110713	NA
20110714	NA
20110715	NA
20110716	NA
20110717	NA
20110718	NA
20110719	NA
20110720	NA
20110721	NA
20110722	NA
20110723	NA
20110724	NA
20110725	NA
20110726	NA
20110727	NA
20110728	NA
20110729	NA
20110730	NA
20110731	NA
20110801	NA
20110802	NA
20110803	NA
20110804	NA
20110805	NA
20110806	NA
20110807	NA
20110808	NA
20110809	NA
20110810	NA
20110811	NA
20110812	NA
20110813	NA
20110814	NA
20110815	NA
20110816	NA
20110817	NA
20110818	NA
20110819	NA
20110820	NA
20110821	NA
20110822	NA
20110823	NA
20110824	NA
20110825	NA
20110826	NA
20110827	NA
20110828	NA
20110829	NA
20110830	NA
20110831	NA
20110901	NA
20110902	NA
20110903	NA
20110904	NA
20110905	NA
20110906	NA
20110907	NA
20110908	NA
20110909	NA
20110910	NA
20110911	NA
20110912	NA
20110913	NA
20110914	NA
20110915	NA
20110916	NA
20110917	NA
20110918	NA
20110919	NA
20110920	NA
20110921	NA
20110922	NA
20110923	NA
20110924	NA
20110925	NA
20110926	NA
20110927	NA
20110928	NA
20110929	NA
20110930	NA
20111001	NA
20111002	NA
20111003	NA
20111004	NA
20111005	NA
20111006	NA
20111007	NA
20111008	NA
20111009	NA
20111010	NA
20111011	NA
20111012	NA
20111013	NA
20111014	NA
20111015	NA
20111016	NA
20111017	NA
20111018	NA
20111019	NA
20111020	NA
20111021	NA
20111022	NA
20111023	NA
20111024	NA
20111025	NA
20111026	NA
20111027	NA
20111028	NA
20111029	NA
20111030	NA
20111031	NA
20111101	NA
20111102	NA
20111103	NA
20111104	NA
20111105	NA
20111106	NA
20111107	NA
20111108	NA
20111109	NA
20111110	NA
20111111	NA
20111112	NA
20111113	NA
20111114	NA
20111115	NA
20111116	NA
20111117	NA
20111118	NA
20111119	NA
20111120	NA
20111121	NA
20111122	NA
20111123	NA
20111124	NA
20111125	NA
20111126	NA
20111127	NA
20111128	NA
20111129	NA
20111130	NA
20111201	NA
20111202	NA
20111203	NA
20111204	NA
20111205	NA
20111206	NA
20111207	NA
20111208	NA
20111209	NA
20111210	NA
20111211	NA
20111212	NA
20111213	NA
20111214	NA
20111215	NA
20111216	NA
20111217	NA
20111218	NA
20111219	NA
20111220	NA
20111221	NA
20111222	NA
20111223	NA
20111224	NA
20111225	NA
20111226	NA
20111227	NA
20111228	NA
20111229	NA
20111230	NA
20111231	NA
20120101	NA
20120102	NA
20120103	NA
20120104	NA
20120105	NA
20120106	NA
20120107	NA
20120108	NA
20120109	NA
20120110	NA
20120111	NA
20120112	NA
20120113	NA
20120114	NA
20120115	NA
20120116	NA
20120117	NA
20120118	NA
20120119	NA
20120120	NA
20120121	NA
20120122	NA
20120123	NA
20120124	NA
20120125	NA
20120126	NA
20120127	NA
20120128	NA
20120129	NA
20120130	NA
20120131	NA
20120201	NA
20120202	NA
20120203	NA
20120204	NA
20120205	NA
20120206	NA
20120207	NA
20120208	NA
20120209	NA
20120210	NA
20120211	NA
20120212	NA
20120213	NA
20120214	NA
20120215	NA
20120216	NA
20120217	NA
20120218	NA
20120219	NA
20120220	NA
20120221	NA
20120222	NA
20120223	NA
20120224	NA
20120225	NA
20120226	NA
20120227	NA
20120228	NA
20120229	NA
20120301	NA
20120302	NA
20120303	NA
20120304	NA
20120305	NA
20120306	NA
20120307	NA
20120308	NA
20120309	NA
20120310	NA
20120311	NA
20120312	NA
20120313	NA
20120314	NA
20120315	NA
20120316	NA
20120317	NA
20120318	NA
20120319	NA
20120320	NA
20120321	NA
20120322	NA
20120323	NA
20120324	NA
20120325	NA
20120326	NA
20120327	NA
20120328	NA
20120329	NA
20120330	NA
20120331	NA
20120401	31.2
20120402	32.3
20120403	31.9
20120404	33.8
20120405	32.6
20120406	32.1
20120407	32.6
20120408	26.4
20120409	30.3
20120410	33
20120411	33
20120412	31.4
20120413	33.2
20120414	34.2
20120415	33.6
20120416	33
20120417	35.8
20120418	32.8
20120419	33.2
20120420	33.6
20120421	36.2
20120422	35.8
20120423	35
20120424	35
20120425	32.6
20120426	35
20120427	35.4
20120428	35.5
20120429	35.8
20120430	36.2
20120501	32.8
20120502	34.8
20120503	36
20120504	30
20120505	33.2
20120506	32.2
20120507	NA
20120508	32.7
20120509	32.5
20120510	31.4
20120511	30.8
20120512	37.4
20120513	36.8
20120514	35
20120515	35.6
20120516	35
20120517	34
20120518	32.8
20120519	33.2
20120520	28.8
20120521	33.6
20120522	31.8
20120523	33.6
20120524	34
20120525	29.2
20120526	33.8
20120527	NA
20120528	34.4
20120529	NA
20120530	31
20120531	NA
20120601	32.8
20120602	34
20120603	32
20120604	NA
20120605	NA
20120606	33.2
20120607	NA
20120608	32
20120609	NA
20120610	NA
20120611	NA
20120612	NA
20120613	NA
20120614	NA
20120615	NA
20120616	NA
20120617	NA
20120618	NA
20120619	NA
20120620	NA
20120621	NA
20120622	NA
20120623	NA
20120624	NA
20120625	NA
20120626	NA
20120627	NA
20120628	NA
20120629	NA
20120630	NA
20120701	NA
20120702	NA
20120703	NA
20120704	NA
20120705	NA
20120706	NA
20120707	NA
20120708	NA
20120709	NA
20120710	NA
20120711	NA
20120712	NA
20120713	NA
20120714	NA
20120715	33.4
20120716	33
20120717	NA
20120718	NA
20120719	NA
20120720	NA
20120721	NA
20120722	NA
20120723	NA
20120724	NA
20120725	NA
20120726	NA
20120727	NA
20120728	NA
20120729	NA
20120730	NA
20120731	NA
20120801	NA
20120802	NA
20120803	NA
20120804	34.1
20120805	NA
20120806	NA
20120807	NA
20120808	NA
20120809	33.2
20120810	33.5
20120811	33.7
20120812	NA
20120813	33.6
20120814	31.3
20120815	32
20120816	31.6
20120817	33.6
20120818	30.6
20120819	32
20120820	31.9
20120821	30.6
20120822	33.1
20120823	30.4
20120824	32.2
20120825	32.4
20120826	34.2
20120827	32.2
20120828	32.8
20120829	33.6
20120830	31.7
20120831	32.1
20120901	32
20120902	33.2
20120903	32.4
20120904	30.3
20120905	31
20120906	31.6
20120907	NA
20120908	33
20120909	31.8
20120910	32
20120911	NA
20120912	31.2
20120913	32.2
20120914	33.8
20120915	33.6
20120916	33.6
20120917	33.1
20120918	32.9
20120919	32.4
20120920	32
20120921	30
20120922	NA
20120923	31.8
20120924	27
20120925	30.5
20120926	31.2
20120927	31.6
20120928	32
20120929	31.2
20120930	NA
20121001	NA
20121002	NA
20121003	NA
20121004	NA
20121005	NA
20121006	NA
20121007	NA
20121008	NA
20121009	NA
20121010	NA
20121011	NA
20121012	NA
20121013	NA
20121014	NA
20121015	NA
20121016	NA
20121017	NA
20121018	NA
20121019	NA
20121020	NA
20121021	NA
20121022	NA
20121023	NA
20121024	NA
20121025	NA
20121026	NA
20121027	NA
20121028	NA
20121029	NA
20121030	NA
20121031	NA
20121101	NA
20121102	NA
20121103	NA
20121104	NA
20121105	NA
20121106	NA
20121107	NA
20121108	NA
20121109	NA
20121110	NA
20121111	NA
20121112	NA
20121113	NA
20121114	NA
20121115	NA
20121116	NA
20121117	NA
20121118	NA
20121119	NA
20121120	NA
20121121	NA
20121122	NA
20121123	NA
20121124	NA
20121125	NA
20121126	NA
20121127	NA
20121128	NA
20121129	NA
20121130	NA
20121201	NA
20121202	NA
20121203	NA
20121204	NA
20121205	NA
20121206	NA
20121207	NA
20121208	NA
20121209	NA
20121210	NA
20121211	NA
20121212	NA
20121213	NA
20121214	NA
20121215	NA
20121216	NA
20121217	NA
20121218	NA
20121219	NA
20121220	NA
20121221	NA
20121222	NA
20121223	NA
20121224	NA
20121225	NA
20121226	NA
20121227	NA
20121228	NA
20121229	NA
20121230	NA
20121231	NA
20130101	33.4
20130102	32.4
20130103	33.2
20130104	33.6
20130105	34.5
20130106	33.6
20130107	33.2
20130108	34.7
20130109	34.4
20130110	34.4
20130111	34.4
20130112	34
20130113	32.6
20130114	34
20130115	34.2
20130116	34
20130117	33.8
20130118	33.4
20130119	31.4
20130120	33.4
20130121	31.6
20130122	32.2
20130123	32.4
20130124	31.5
20130125	32.2
20130126	32.8
20130127	32.6
20130128	32.9
20130129	32.4
20130130	33.6
20130131	34.6
20130201	33.1
20130202	32.2
20130203	28.2
20130204	30
20130205	30.3
20130206	30.2
20130207	32
20130208	31.4
20130209	33.2
20130210	30.4
20130211	33.7
20130212	34.7
20130213	34.4
20130214	34.2
20130215	34.1
20130216	33.8
20130217	33.8
20130218	32.4
20130219	33.3
20130220	35
20130221	34.1
20130222	35.8
20130223	33
20130224	32.5
20130225	32.8
20130226	33.8
20130227	33.2
20130228	32.4
20130301	NA
20130302	NA
20130303	NA
20130304	32
20130305	31.8
20130306	32.2
20130307	33
20130308	NA
20130309	33.4
20130310	32.6
20130311	32.4
20130312	32.1
20130313	32
20130314	27.4
20130315	27
20130316	32
20130317	32.2
20130318	32
20130319	33.4
20130320	36
20130321	33.2
20130322	31.6
20130323	31.9
20130324	33.2
20130325	32
20130326	33.4
20130327	32.2
20130328	29
20130329	33.6
20130330	33.2
20130331	34.2
20130401	32.2
20130402	33.2
20130403	32.6
20130404	34.4
20130405	32.6
20130406	33
20130407	33.1
20130408	33
20130409	34
20130410	34
20130411	33.8
20130412	31.8
20130413	33.2
20130414	32.4
20130415	32.2
20130416	34.8
20130417	NA
20130418	31.5
20130419	30.8
20130420	33.4
20130421	32.6
20130422	34.8
20130423	33.6
20130424	33.8
20130425	33.4
20130426	33.6
20130427	32.8
20130428	33.7
20130429	34.6
20130430	32.6
20130501	32.2
20130502	32.2
20130503	35.5
20130504	NA
20130505	33
20130506	33.4
20130507	33.6
20130508	34.4
20130509	33.6
20130510	33.7
20130511	34.4
20130512	35
20130513	35.8
20130514	32
20130515	32.7
20130516	32.8
20130517	32.3
20130518	34.2
20130519	33.8
20130520	34
20130521	32.4
20130522	33
20130523	33.2
20130524	31.4
20130525	35.2
20130526	33.6
20130527	35.4
20130528	34.4
20130529	36
20130530	32.3
20130531	32.8
20130601	32.4
20130602	34.8
20130603	33.8
20130604	31.6
20130605	33.7
20130606	32.4
20130607	33.4
20130608	33.6
20130609	35.4
20130610	34.6
20130611	33.1
20130612	33.2
20130613	34
20130614	32.2
20130615	34.4
20130616	33.3
20130617	35
20130618	34.8
20130619	34.8
20130620	33.8
20130621	32.8
20130622	33.5
20130623	33
20130624	33.4
20130625	35.8
20130626	35.4
20130627	34.8
20130628	30.2
20130629	NA
20130630	NA
20130701	NA
20130702	NA
20130703	NA
20130704	NA
20130705	NA
20130706	NA
20130707	NA
20130708	NA
20130709	NA
20130710	NA
20130711	NA
20130712	32.6
20130713	32.4
20130714	34
20130715	32.8
20130716	34
20130717	32.5
20130718	32.6
20130719	32
20130720	32.6
20130721	31.6
20130722	32
20130723	33.6
20130724	33.4
20130725	33.8
20130726	33.6
20130727	31.4
20130728	32
20130729	32.6
20130730	32.6
20130731	32.3
20130801	33
20130802	32.1
20130803	33.3
20130804	32
20130805	32
20130806	32.5
20130807	32.4
20130808	29.4
20130809	31.8
20130810	32
20130811	31
20130812	32.1
20130813	31.2
20130814	33
20130815	32.6
20130816	32.2
20130817	31.2
20130818	34
20130819	31.7
20130820	32.8
20130821	32
20130822	32.4
20130823	33.5
20130824	32.1
20130825	32
20130826	32.1
20130827	33.4
20130828	32.4
20130829	32
20130830	31.6
20130831	31.2
20130901	29.3
20130902	32.4
20130903	31.3
20130904	30.6
20130905	32.4
20130906	29.2
20130907	29.8
20130908	32
20130909	31.6
20130910	30.8
20130911	32
20130912	31.4
20130913	33.4
20130914	31.9
20130915	32
20130916	32.2
20130917	32.2
20130918	31.8
20130919	31.4
20130920	32.8
20130921	33
20130922	33.1
20130923	32.9
20130924	33.5
20130925	33.2
20130926	29.8
20130927	32
20130928	32
20130929	32.2
20130930	NA
20131001	32
20131002	34
20131003	31.5
20131004	33.4
20131005	31.6
20131006	34
20131007	32.8
20131008	33.2
20131009	32.2
20131010	32.2
20131011	28.8
20131012	32.5
20131013	31.3
20131014	32.2
20131015	32.4
20131016	32.5
20131017	31.4
20131018	32.7
20131019	32.3
20131020	32.4
20131021	33.2
20131022	30.2
20131023	32.1
20131024	32.2
20131025	32.4
20131026	33
20131027	33
20131028	33
20131029	29.6
20131030	32.6
20131031	31.5
20131101	31.6
20131102	32.4
20131103	32.8
20131104	33
20131105	30.4
20131106	32.2
20131107	34.4
20131108	30.8
20131109	31.6
20131110	31.8
20131111	32
20131112	31.5
20131113	32.4
20131114	32.5
20131115	32.2
20131116	32.2
20131117	33.3
20131118	33.2
20131119	32.8
20131120	33
20131121	32.5
20131122	33.6
20131123	33.1
20131124	32.2
20131125	32.8
20131126	33
20131127	32.6
20131128	32
20131129	33
20131130	32
20131201	32.4
20131202	32
20131203	31
20131204	31
20131205	32.3
20131206	32
20131207	31.8
20131208	31
20131209	30.8
20131210	31.4
20131211	32
20131212	30.4
20131213	NA
20131214	31.4
20131215	30.3
20131216	31.9
20131217	30.4
20131218	32.2
20131219	32.4
20131220	31.9
20131221	33.2
20131222	33
20131223	32.6
20131224	32.7
20131225	32
20131226	32.5
20131227	32.4
20131228	31.8
20131229	32.6
20131230	33
20131231	33.6
20140101	33.2
20140102	33.4
20140103	31
20140104	32
20140105	31.4
20140106	31.6
20140107	32
20140108	32.2
20140109	33.4
20140110	33.2
20140111	33.8
20140112	33.4
20140113	33.4
20140114	32.3
20140115	31.9
20140116	33.2
20140117	32.3
20140118	32.4
20140119	32.4
20140120	32.2
20140121	32.4
20140122	28.4
20140123	32.2
20140124	33.6
20140125	31
20140126	31.5
20140127	33.8
20140128	33.6
20140129	33.8
20140130	34
20140131	34.1
20140201	34
20140202	33.4
20140203	33.2
20140204	34.6
20140205	32.4
20140206	34.2
20140207	34.2
20140208	34.6
20140209	34.2
20140210	32.5
20140211	34.8
20140212	32.8
20140213	34.6
20140214	NA
20140215	34.2
20140216	34.8
20140217	34.6
20140218	34.8
20140219	33.6
20140220	34.4
20140221	35
20140222	35.2
20140223	35.2
20140224	35.5
20140225	35.2
20140226	33.2
20140227	33
20140228	31.4
20140301	27.4
20140302	33.2
20140303	34
20140304	35.2
20140305	34.5
20140306	35.4
20140307	31.5
20140308	31.2
20140309	32.4
20140310	32.5
20140311	33.2
20140312	32
20140313	NA
20140314	33.6
20140315	34.8
20140316	35
20140317	32.3
20140318	34
20140319	35
20140320	34
20140321	35
20140322	30.4
20140323	34
20140324	34
20140325	33.8
20140326	33.2
20140327	34.8
20140328	34.4
20140329	35.2
20140330	33.7
20140331	34.4
20140401	34.4
20140402	33.6
20140403	34.1
20140404	34.8
20140405	35.2
20140406	36.2
20140407	33.3
20140408	35.2
20140409	32.8
20140410	35
20140411	36.6
20140412	34
20140413	32.4
20140414	37
20140415	31.8
20140416	32.6
20140417	35.2
20140418	34.8
20140419	34.5
20140420	35.1
20140421	34.7
20140422	34.2
20140423	32.8
20140424	32.6
20140425	34.8
20140426	33.2
20140427	33.2
20140428	33.8
20140429	31.5
20140430	30.8
20140501	33.2
20140502	30.4
20140503	32.3
20140504	31.2
20140505	33.7
20140506	31.2
20140507	30.9
20140508	32.6
20140509	32.3
20140510	34
20140511	33.4
20140512	34.1
20140513	30.6
20140514	33.2
20140515	31.2
20140516	31.7
20140517	32.8
20140518	33.2
20140519	33.7
20140520	29.4
20140521	33.2
20140522	32.4
20140523	32.5
20140524	33
20140525	34
20140526	31
20140527	34
20140528	30.4
20140529	30.2
20140530	31.8
20140531	31.4
20140601	33
20140602	30.6
20140603	31
20140604	32.4
20140605	32.2
20140606	33.2
20140607	29.2
20140608	28
20140609	33
20140610	32.8
20140611	34.4
20140612	32.7
20140613	32.3
20140614	32.4
20140615	32.4
20140616	32.7
20140617	32.9
20140618	33
20140619	31.4
20140620	32.4
20140621	31.6
20140622	33
20140623	31.3
20140624	32.2
20140625	31.6
20140626	30.4
20140627	32.6
20140628	32.6
20140629	34
20140630	33.8
