Date	Value
20150223	71.7083333333333
20150224	67.5833333333333
20150225	71.4166666666667
20150226	66.3333333333333
20150227	61.375
20150228	62.9166666666667
20150301	67.125
20150302	75
20150303	74.1666666666667
20150304	70.75
20150305	75.3333333333333
20150306	71.5416666666667
20150307	66.4583333333333
20150308	70.375
20150309	68.4166666666667
20150310	72.2916666666667
20150311	74.2083333333333
20150312	69.7083333333333
20150313	66.625
20150314	67.625
20150315	66.6666666666667
20150316	66.9166666666667
20150317	70.5416666666667
20150318	61.5652173913044
20150319	67.2083333333333
20150320	59.5833333333333
20150321	61.75
20150322	62.9166666666667
20150323	64.0416666666667
20150324	61.625
20150325	61.1666666666667
20150326	61.5
20150327	65.7916666666667
20150328	59.2083333333333
20150329	59.7826086956522
20150330	59.8333333333333
20150331	63.4583333333333
20150401	67.375
20150402	69.5833333333333
20150403	66.75
20150404	73.0416666666667
20150405	68.5416666666667
20150406	68.3333333333333
20150407	65.2083333333333
20150408	64.2916666666667
20150409	63.2083333333333
20150410	64.6666666666667
20150411	60.875
20150412	60.7083333333333
20150413	63.5833333333333
20150414	65.2916666666667
20150415	66
20150416	63.6666666666667
20150417	61.7083333333333
20150418	65.0416666666667
20150419	64.6666666666667
20150420	66.7083333333333
20150421	60.0833333333333
20150422	60.125
20150423	58.9166666666667
20150424	57.3333333333333
20150425	56.0416666666667
20150426	60.7916666666667
20150427	68.5833333333333
20150428	72.2083333333333
20150429	74.9166666666667
20150430	89.625
20150501	84.5833333333333
20150502	78.5833333333333
20150503	74.25
20150504	71.8333333333333
20150505	69.9166666666667
20150506	68.625
20150507	71.9583333333333
20150508	69.2916666666667
20150509	69.25
20150510	70.4166666666667
20150511	70.7083333333333
20150512	71.9583333333333
20150513	72.7083333333333
20150514	68.3333333333333
20150515	71.5
20150516	66.5833333333333
20150517	75.375
20150518	71.125
20150519	58.7083333333333
20150520	57.9583333333333
20150521	65.7916666666667
20150522	75.875
20150523	72.6666666666667
20150524	70.4166666666667
20150525	71.4166666666667
20150526	65.375
20150527	65.7916666666667
20150528	62.8333333333333
20150529	64.0416666666667
20150530	63.6666666666667
20150531	72.625
20150601	76.125
20150602	75.5416666666667
20150603	84.625
20150604	89.625
20150605	89.1666666666667
20150606	85.125
20150607	91.875
20150608	97.25
20150609	91.625
20150610	91
20150611	92.5
20150612	91.625
20150613	94.25
20150614	89.5833333333333
20150615	86.4583333333333
20150616	83.9583333333333
20150617	81.1666666666667
20150618	86.9166666666667
20150619	82.2083333333333
20150620	79.2083333333333
20150621	75.0416666666667
20150622	73.5416666666667
20150623	74.0833333333333
20150624	81.625
20150625	83.375
20150626	79.4166666666667
20150627	73.0416666666667
20150628	85.0833333333333
20150629	83.7083333333333
20150630	74.0833333333333
20150701	77
20150702	80.2083333333333
20150703	74.875
20150704	79.5833333333333
20150705	80.9583333333333
20150706	78.3333333333333
20150707	71.1666666666667
20150708	83.2916666666667
20150709	95.4166666666667
20150710	92.8333333333333
20150711	82.7916666666667
20150712	74.875
20150713	75.7083333333333
20150714	78.3333333333333
20150715	79.2916666666667
20150716	82.6666666666667
20150717	75.2916666666667
20150718	80.5416666666667
20150719	86.9583333333333
20150720	79.7916666666667
20150721	80.2083333333333
20150722	85.5833333333333
20150723	85
20150724	84.875
20150725	73.75
20150726	73.125
20150727	74.9583333333333
20150728	75.9130434782609
20150729	79
20150730	76.7916666666667
20150731	69.625
20150801	79.0416666666667
20150802	79.3333333333333
20150803	72.2083333333333
20150804	70.25
20150805	74.3333333333333
20150806	72.4166666666667
20150807	67.8333333333333
20150808	70.0833333333333
20150809	72
20150810	78
20150811	81.7916666666667
20150812	83.0833333333333
20150813	81.0416666666667
20150814	80.2083333333333
20150815	87.75
20150816	90.7916666666667
20150817	83.5833333333333
20150818	76.75
20150819	74.2083333333333
20150820	78.9166666666667
20150821	72.5416666666667
20150822	76.25
20150823	75.3333333333333
20150824	68.9166666666667
20150825	68.6666666666667
20150826	76.8333333333333
20150827	71.2916666666667
20150828	72.4166666666667
20150829	75.375
20150830	73.0416666666667
20150831	74.9583333333333
20150901	81.375
20150902	86.375
20150903	81.25
20150904	85.7083333333333
20150905	81.9166666666667
20150906	75.0833333333333
20150907	74.7916666666667
20150908	76.0416666666667
20150909	80.7083333333333
20150910	80.875
20150911	70.9583333333333
20150912	78.0416666666667
20150913	83.125
20150914	80.9166666666667
20150915	74.75
20150916	74.2083333333333
20150917	72.5
20150918	82.4166666666667
20150919	88.3333333333333
20150920	85.1666666666667
20150921	87.5416666666667
20150922	89.5
20150923	91.4583333333333
20150924	89.625
20150925	89.9166666666667
20150926	92.7916666666667
20150927	90.7083333333333
20150928	87.5416666666667
20150929	86.1666666666667
20150930	85.9583333333333
20151001	85.125
20151002	87.7916666666667
20151003	87
20151004	94.2083333333333
20151005	88
20151006	83.5416666666667
20151007	82.5416666666667
20151008	85.125
20151009	87.4166666666667
20151010	88.0833333333333
20151011	84.7916666666667
20151012	85
20151013	87.125
20151014	90.1666666666667
20151015	94.2916666666667
20151016	92.625
20151017	90.5833333333333
20151018	91.25
20151019	89.3333333333333
20151020	92.25
20151021	90.125
20151022	85.9166666666667
20151023	82.3333333333333
20151024	88
20151025	88.7391304347826
20151026	85.6666666666667
20151027	88.0833333333333
20151028	89.75
20151029	86.7916666666667
20151030	87
20151031	82.0833333333333
20151101	86.5833333333333
20151102	82.0416666666667
20151103	83.3333333333333
20151104	83.125
20151105	86.2916666666667
20151106	82.875
20151107	83.7916666666667
20151108	81.5
20151109	86.25
20151110	84.3333333333333
20151111	91.0833333333333
20151112	90.7916666666667
20151113	88.7083333333333
20151114	91
20151115	87.4583333333333
20151116	86.625
20151117	85.875
20151118	84.4166666666667
20151119	88.25
20151120	97.2916666666667
20151121	91.5833333333333
20151122	88.5833333333333
20151123	91.2916666666667
20151124	83.25
20151125	81.6666666666667
20151126	83.4583333333333
20151127	85.5
20151128	84.3333333333333
20151129	76.75
20151130	80.0416666666667
20151201	78.7083333333333
20151202	86.5
20151203	82.7916666666667
20151204	82.0416666666667
20151205	87.6666666666667
20151206	78.6666666666667
20151207	79.4583333333333
20151208	79.7083333333333
20151209	78.8333333333333
20151210	79
20151211	84.7083333333333
20151212	89
20151213	88.0416666666667
20151214	85.75
20151215	84.5833333333333
20151216	84
20151217	79.7916666666667
20151218	85.25
20151219	85
20151220	82.375
20151221	78.7083333333333
20151222	80.625
20151223	83
20151224	82.5833333333333
20151225	79.2083333333333
20151226	81.3333333333333
20151227	83.2083333333333
20151228	79
20151229	79.6666666666667
20151230	81.2916666666667
20151231	80.875
20160101	74.4166666666667
20160102	78.2916666666667
20160103	75.7916666666667
20160104	76.375
20160105	76.5833333333333
20160106	80.75
20160107	77.5
20160108	74.2916666666667
20160109	75.1666666666667
20160110	73.4583333333333
20160111	70.75
20160112	74.9166666666667
20160113	77.7916666666667
